271.0   100.0   0.755297190312   0.0   0.0 
271.0   185.0   0.0   0.0   0.0 
271.0   270.0   0.0   0.0   0.0 
271.0   355.0   0.0   0.0   0.0 
271.0   440.0   0.0   0.0   0.0 
271.0   525.0   0.0   0.0   0.0 
271.0   610.0   0.0   0.0   0.0 
271.0   695.0   0.0   0.0   0.0 
271.0   780.0   0.0   0.0   0.0 
271.0   865.0   0.0   0.0   0.0 
271.0   950.0   0.0   0.0   0.0 
271.0   1035.0   0.0   0.0   0.0 
271.0   1120.0   0.0   0.0   0.0 
271.0   1205.0   0.0   0.0   0.0 
271.0   1290.0   0.0   0.0   0.0 
271.0   1375.0   0.0   0.0   0.0 
271.0   1460.0   0.0   0.0   0.0 
271.0   1545.0   0.0   0.0   0.0 
271.0   1630.0   0.0   0.0   0.0 
271.0   1715.0   0.0   0.0   0.0 
271.0   1800.0   0.0   0.0   0.0 
356.0   100.0   0.755297190312   0.0   4.42536007839e-11 
356.0   185.0   0.755297190312   0.0   4.42536007839e-11 
356.0   270.0   0.0   0.0   0.0 
356.0   355.0   0.0   0.0   0.0 
356.0   440.0   0.0   0.0   0.0 
356.0   525.0   0.0   0.0   0.0 
356.0   610.0   0.0   0.0   0.0 
356.0   695.0   0.0   0.0   0.0 
356.0   780.0   0.0   0.0   0.0 
356.0   865.0   0.0   0.0   0.0 
356.0   950.0   0.0   0.0   0.0 
356.0   1035.0   0.0   0.0   0.0 
356.0   1120.0   0.0   0.0   0.0 
356.0   1205.0   0.0   0.0   0.0 
356.0   1290.0   0.0   0.0   0.0 
356.0   1375.0   0.0   0.0   0.0 
356.0   1460.0   0.0   0.0   0.0 
356.0   1545.0   0.0   0.0   0.0 
356.0   1630.0   0.0   0.0   0.0 
356.0   1715.0   0.0   0.0   0.0 
356.0   1800.0   0.0   0.0   0.0 
441.0   100.0   0.0   0.0   0.0 
441.0   185.0   0.755297190312   0.0   0.0632258632255 
441.0   270.0   0.755297190312   0.0   0.0632258632255 
441.0   355.0   0.0   0.0   0.0 
441.0   440.0   0.0   0.0   0.0 
441.0   525.0   0.0   0.0   0.0 
441.0   610.0   0.0   0.0   0.0 
441.0   695.0   0.0   0.0   0.0 
441.0   780.0   0.0   0.0   0.0 
441.0   865.0   0.0   0.0   0.0 
441.0   950.0   0.0   0.0   0.0 
441.0   1035.0   0.0   0.0   0.0 
441.0   1120.0   0.0   0.0   0.0 
441.0   1205.0   0.0   0.0   0.0 
441.0   1290.0   0.0   0.0   0.0 
441.0   1375.0   0.0   0.0   0.0 
441.0   1460.0   0.0   0.0   0.0 
441.0   1545.0   0.0   0.0   0.0 
441.0   1630.0   0.0   0.0   0.0 
441.0   1715.0   0.0   0.0   0.0 
441.0   1800.0   0.0   0.0   0.0 
526.0   100.0   0.0   0.0   0.0 
526.0   185.0   0.0   0.0   0.0 
526.0   270.0   0.755297190312   0.0   0.415338679626 
526.0   355.0   0.755297190312   0.0   0.415338679626 
526.0   440.0   0.0   0.0   0.0 
526.0   525.0   0.0   0.0   0.0 
526.0   610.0   0.0   0.0   0.0 
526.0   695.0   0.0   0.0   0.0 
526.0   780.0   0.0   0.0   0.0 
526.0   865.0   0.0   0.0   0.0 
526.0   950.0   0.0   0.0   0.0 
526.0   1035.0   0.0   0.0   0.0 
526.0   1120.0   0.0   0.0   0.0 
526.0   1205.0   0.0   0.0   0.0 
526.0   1290.0   0.0   0.0   0.0 
526.0   1375.0   0.0   0.0   0.0 
526.0   1460.0   0.0   0.0   0.0 
526.0   1545.0   0.0   0.0   0.0 
526.0   1630.0   0.0   0.0   0.0 
526.0   1715.0   0.0   0.0   0.0 
526.0   1800.0   0.0   0.0   0.0 
611.0   100.0   0.0   0.0   0.0 
611.0   185.0   0.0   0.0   0.0 
611.0   270.0   0.0   0.0   0.0 
611.0   355.0   0.755297190312   7.89251315414e-08   0.610910253596 
611.0   440.0   0.755297190312   7.89251315414e-08   0.610910253596 
611.0   525.0   0.0   0.0   0.0 
611.0   610.0   0.0   0.0   0.0 
611.0   695.0   0.0   0.0   0.0 
611.0   780.0   0.0   0.0   0.0 
611.0   865.0   0.0   0.0   0.0 
611.0   950.0   0.0   0.0   0.0 
611.0   1035.0   0.0   0.0   0.0 
611.0   1120.0   0.0   0.0   0.0 
611.0   1205.0   0.0   0.0   0.0 
611.0   1290.0   0.0   0.0   0.0 
611.0   1375.0   0.0   0.0   0.0 
611.0   1460.0   0.0   0.0   0.0 
611.0   1545.0   0.0   0.0   0.0 
611.0   1630.0   0.0   0.0   0.0 
611.0   1715.0   0.0   0.0   0.0 
611.0   1800.0   0.0   0.0   0.0 
696.0   100.0   0.0   0.0   0.0 
696.0   185.0   0.0   0.0   0.0 
696.0   270.0   0.0   0.0   0.0 
696.0   355.0   0.0   0.0   0.0 
696.0   440.0   0.755297190312   0.00249400017115   0.690576520055 
696.0   525.0   0.755297190312   0.00249400017115   0.690576520055 
696.0   610.0   0.0   0.0   0.0 
696.0   695.0   0.0   0.0   0.0 
696.0   780.0   0.0   0.0   0.0 
696.0   865.0   0.0   0.0   0.0 
696.0   950.0   0.0   0.0   0.0 
696.0   1035.0   0.0   0.0   0.0 
696.0   1120.0   0.0   0.0   0.0 
696.0   1205.0   0.0   0.0   0.0 
696.0   1290.0   0.0   0.0   0.0 
696.0   1375.0   0.0   0.0   0.0 
696.0   1460.0   0.0   0.0   0.0 
696.0   1545.0   0.0   0.0   0.0 
696.0   1630.0   0.0   0.0   0.0 
696.0   1715.0   0.0   0.0   0.0 
696.0   1800.0   0.0   0.0   0.0 
781.0   100.0   0.0   0.0   0.0 
781.0   185.0   0.0   0.0   0.0 
781.0   270.0   0.0   0.0   0.0 
781.0   355.0   0.0   0.0   0.0 
781.0   440.0   1.01030295241e-14   0.0   4.60489857357e-09 
781.0   525.0   0.755297190312   0.106926552136   0.724297076252 
781.0   610.0   0.755297190312   0.106926552136   0.724297076252 
781.0   695.0   0.0   0.0   0.0 
781.0   780.0   0.0   0.0   0.0 
781.0   865.0   0.0   0.0   0.0 
781.0   950.0   0.0   0.0   0.0 
781.0   1035.0   0.0   0.0   0.0 
781.0   1120.0   0.0   0.0   0.0 
781.0   1205.0   0.0   0.0   0.0 
781.0   1290.0   0.0   0.0   0.0 
781.0   1375.0   0.0   0.0   0.0 
781.0   1460.0   0.0   0.0   0.0 
781.0   1545.0   0.0   0.0   0.0 
781.0   1630.0   0.0   0.0   0.0 
781.0   1715.0   0.0   0.0   0.0 
781.0   1800.0   0.0   0.0   0.0 
866.0   100.0   0.0   0.0   0.0 
866.0   185.0   0.0   0.0   0.0 
866.0   270.0   0.0   0.0   0.0 
866.0   355.0   0.0   0.0   0.0 
866.0   440.0   0.0   0.0   0.0 
866.0   525.0   3.66137467345e-07   2.30675478718e-11   0.00017659118313 
866.0   610.0   0.755297190312   0.43872660771   0.73966534358 
866.0   695.0   0.755297190312   0.43872660771   0.73966534358 
866.0   780.0   0.0   0.0   0.0 
866.0   865.0   0.0   0.0   0.0 
866.0   950.0   0.0   0.0   0.0 
866.0   1035.0   0.0   0.0   0.0 
866.0   1120.0   0.0   0.0   0.0 
866.0   1205.0   0.0   0.0   0.0 
866.0   1290.0   0.0   0.0   0.0 
866.0   1375.0   0.0   0.0   0.0 
866.0   1460.0   0.0   0.0   0.0 
866.0   1545.0   0.0   0.0   0.0 
866.0   1630.0   0.0   0.0   0.0 
866.0   1715.0   0.0   0.0   0.0 
866.0   1800.0   0.0   0.0   0.0 
951.0   100.0   0.0   0.0   0.0 
951.0   185.0   0.0   0.0   0.0 
951.0   270.0   0.0   0.0   0.0 
951.0   355.0   0.0   0.0   3.03979064142e-13 
951.0   440.0   0.0   0.0   9.43689570931e-15 
951.0   525.0   1.96509475359e-13   0.0   6.54746035167e-10 
951.0   610.0   0.0651390865402   0.00419133142438   0.269536158319 
951.0   695.0   0.755297190312   0.766064202736   0.747060110527 
951.0   780.0   0.755297190312   0.766064202736   0.747060110527 
951.0   865.0   0.0   0.0   0.0 
951.0   950.0   0.0   0.0   0.0 
951.0   1035.0   0.0   0.0   0.0 
951.0   1120.0   0.0   0.0   0.0 
951.0   1205.0   0.0   0.0   0.0 
951.0   1290.0   0.0   0.0   0.0 
951.0   1375.0   0.0   0.0   0.0 
951.0   1460.0   0.0   0.0   0.0 
951.0   1545.0   0.0   0.0   0.0 
951.0   1630.0   0.0   0.0   0.0 
951.0   1715.0   0.0   0.0   0.0 
951.0   1800.0   0.0   0.0   0.0 
1036.0   100.0   5.55111512313e-16   0.0   1.45905509896e-12 
1036.0   185.0   0.0   0.0   2.6645352591e-15 
1036.0   270.0   0.0   0.0   2.22044604925e-16 
1036.0   355.0   0.0   0.0   1.66533453694e-15 
1036.0   440.0   2.88657986403e-15   0.0   6.13575856789e-12 
1036.0   525.0   1.19222702821e-08   2.14700479617e-11   1.67868835188e-06 
1036.0   610.0   1.84976482576e-07   6.0504545818e-10   1.51276704672e-05 
1036.0   695.0   0.569015131758   0.212628301714   0.866824760454 
1036.0   780.0   0.755297190312   0.974161800472   0.750798744816 
1036.0   865.0   0.755297190312   0.974161800472   0.750798744816 
1036.0   950.0   0.0   0.0   0.0 
1036.0   1035.0   0.0   0.0   0.0 
1036.0   1120.0   0.0   0.0   0.0 
1036.0   1205.0   0.0   0.0   0.0 
1036.0   1290.0   0.0   0.0   0.0 
1036.0   1375.0   0.0   0.0   0.0 
1036.0   1460.0   0.0   0.0   0.0 
1036.0   1545.0   0.0   0.0   0.0 
1036.0   1630.0   0.0   0.0   0.0 
1036.0   1715.0   0.0   0.0   0.0 
1036.0   1800.0   0.0   0.0   0.0 
1121.0   100.0   1.38944411532e-12   1.55431223448e-15   4.51278237001e-10 
1121.0   185.0   5.65103519534e-14   0.0   3.024291928e-11 
1121.0   270.0   3.86801701779e-13   3.33066907388e-16   1.53599577501e-10 
1121.0   355.0   4.18009071801e-10   1.23601129332e-12   5.39296020063e-08 
1121.0   440.0   1.46696454983e-09   5.4373172631e-12   1.53416670812e-07 
1121.0   525.0   1.13232475174e-07   9.45779121686e-10   5.58232356973e-06 
1121.0   610.0   1.43498446453e-05   3.20103524132e-07   0.000287260742069 
1121.0   695.0   3.48449053119e-05   9.42454599695e-07   0.000585329289342 
1121.0   780.0   0.274479818449   0.104508664039   0.492491610143 
1121.0   865.0   0.755297190312   0.908892003774   0.752764744114 
1121.0   950.0   0.755297190312   0.908892003774   0.752764744114 
1121.0   1035.0   0.0   0.0   0.0 
1121.0   1120.0   0.0   0.0   0.0 
1121.0   1205.0   0.0   0.0   0.0 
1121.0   1290.0   0.0   0.0   0.0 
1121.0   1375.0   0.0   0.0   0.0 
1121.0   1460.0   0.0   0.0   0.0 
1121.0   1545.0   0.0   0.0   0.0 
1121.0   1630.0   0.0   0.0   0.0 
1121.0   1715.0   0.0   0.0   0.0 
1121.0   1800.0   0.0   0.0   0.0 
1206.0   100.0   3.85027556504e-08   5.5102145069e-10   1.434129417e-06 
1206.0   185.0   6.37429387051e-09   6.73830991005e-11   3.15390721428e-07 
1206.0   270.0   5.50732996984e-08   8.37883540328e-10   1.93719538888e-06 
1206.0   355.0   9.4166143727e-07   2.35572651386e-08   2.08217730987e-05 
1206.0   440.0   3.82052753933e-06   1.23299834676e-07   6.66696189181e-05 
1206.0   525.0   9.94511935999e-05   5.99708439242e-06   0.000974185482074 
1206.0   610.0   9.09782609015e-06   3.45090430343e-07   0.000136679695142 
1206.0   695.0   0.000526095941475   4.47204662911e-05   0.00376389083863 
1206.0   780.0   0.00265505796081   0.000322255744081   0.013754240874 
1206.0   865.0   0.447014839194   0.254665152428   0.640818390882 
1206.0   950.0   0.755297190312   0.844456803502   0.753829188622 
1206.0   1035.0   0.755297190312   0.844456803502   0.753829188622 
1206.0   1120.0   0.0   0.0   0.0 
1206.0   1205.0   0.0   0.0   0.0 
1206.0   1290.0   0.0   0.0   0.0 
1206.0   1375.0   0.0   0.0   0.0 
1206.0   1460.0   0.0   0.0   0.0 
1206.0   1545.0   0.0   0.0   0.0 
1206.0   1630.0   0.0   0.0   0.0 
1206.0   1715.0   0.0   0.0   0.0 
1206.0   1800.0   0.0   0.0   0.0 
1291.0   100.0   1.5238044204e-05   9.91277535389e-07   0.000157859676318 
1291.0   185.0   2.06500401317e-05   1.41572480594e-06   0.000203670165113 
1291.0   270.0   0.000125289777677   1.18217870655e-05   0.000917254019183 
1291.0   355.0   0.000113463507467   1.05153344495e-05   0.000844672635512 
1291.0   440.0   0.000335168076325   3.79065507673e-05   0.00207387061049 
1291.0   525.0   0.000545176579624   6.7580724754e-05   0.00309878808545 
1291.0   610.0   0.000186028860808   1.88656036009e-05   0.00127361123063 
1291.0   695.0   0.00635051999363   0.00128676983703   0.0230013608342 
1291.0   780.0   0.0222485650496   0.00594566513895   0.0627855272566 
1291.0   865.0   0.0314625727799   0.00911713359916   0.0826041786788 
1291.0   950.0   0.869067118935   0.682278524488   0.997846943395 
1291.0   1035.0   0.755297190312   0.807855619877   0.754431593518 
1291.0   1120.0   0.755297190312   0.807855619877   0.754431593518 
1291.0   1205.0   0.0   0.0   0.0 
1291.0   1290.0   0.0   0.0   0.0 
1291.0   1375.0   0.0   0.0   0.0 
1291.0   1460.0   0.0   0.0   0.0 
1291.0   1545.0   0.0   0.0   0.0 
1291.0   1630.0   0.0   0.0   0.0 
1291.0   1715.0   0.0   0.0   0.0 
1291.0   1800.0   0.0   0.0   0.0 
1376.0   100.0   0.00126937871642   0.000238913360436   0.00528313527794 
1376.0   185.0   0.0041428211362   0.000967684869273   0.0141087936606 
1376.0   270.0   0.00331582214359   0.000743040045329   0.0117345123373 
1376.0   355.0   0.00516905978491   0.00125875705374   0.0169388253231 
1376.0   440.0   0.00801236357779   0.00212183670252   0.0243032030249 
1376.0   525.0   0.00718485381692   0.00186309021071   0.0222192063458 
1376.0   610.0   0.0334486393377   0.0118241690228   0.077953010328 
1376.0   695.0   0.0370493449803   0.0133853628335   0.0846634912163 
1376.0   780.0   0.0675632081927   0.0278489857808   0.137176369037 
1376.0   865.0   0.236644109191   0.132147829815   0.368450651991 
1376.0   950.0   0.294770906594   0.179661558369   0.429105611652 
1376.0   1035.0   0.925051595326   0.986201848621   0.864716649968 
1376.0   1120.0   0.755297190312   0.786749534185   0.754778930337 
1376.0   1205.0   0.755297190312   0.786749534185   0.754778930337 
1376.0   1290.0   0.0   0.0   0.0 
1376.0   1375.0   0.0   0.0   0.0 
1376.0   1460.0   0.0   0.0   0.0 
1376.0   1545.0   0.0   0.0   0.0 
1376.0   1630.0   0.0   0.0   0.0 
1376.0   1715.0   0.0   0.0   0.0 
1376.0   1800.0   0.0   0.0   0.0 
1461.0   100.0   0.0242333160825   0.00920867429031   0.0550250596255 
1461.0   185.0   0.0596327391632   0.0269994698581   0.11534312469 
1461.0   270.0   0.0266533375441   0.0103122556315   0.0595252457525 
1461.0   355.0   0.0332245766763   0.0134076061964   0.0713845999535 
1461.0   440.0   0.0633421871524   0.029030339898   0.121170709142 
1461.0   525.0   0.0931774245692   0.0462343818903   0.165896185909 
1461.0   610.0   0.0453166698762   0.0194264807185   0.0921261836601 
1461.0   695.0   0.199538589708   0.116910425293   0.306406546967 
1461.0   780.0   0.247007854803   0.152051546549   0.363243421751 
1461.0   865.0   0.210595358286   0.124921773382   0.319896023487 
1461.0   950.0   0.399088828011   0.276165478799   0.530641239347 
1461.0   1035.0   0.55240476719   0.416267481265   0.683771395666 
1461.0   1120.0   0.856314914603   0.910794497537   0.81955369698 
1461.0   1205.0   0.755297190312   0.77449059373   0.754980796219 
1461.0   1290.0   0.755297190312   0.77449059373   0.754980796219 
1461.0   1375.0   0.0   0.0   0.0 
1461.0   1460.0   0.0   0.0   0.0 
1461.0   1545.0   0.0   0.0   0.0 
1461.0   1630.0   0.0   0.0   0.0 
1461.0   1715.0   0.0   0.0   0.0 
1461.0   1800.0   0.0   0.0   0.0 
1546.0   100.0   0.235682250017   0.153160524682   0.336616762864 
1546.0   185.0   0.142313108021   0.0834111277103   0.223004894363 
1546.0   270.0   0.17477051629   0.106759705015   0.263837024423 
1546.0   355.0   0.203245676618   0.128059961228   0.298413223147 
1546.0   440.0   0.115367329769   0.0648771416031   0.187695552315 
1546.0   525.0   0.210097968982   0.133290869467   0.306582232593 
1546.0   610.0   0.19989314526   0.125515175266   0.294396064987 
1546.0   695.0   0.285755257221   0.193490591919   0.393525990366 
1546.0   780.0   0.377262884919   0.271571961772   0.492371012139 
1546.0   865.0   0.371624508611   0.266610217083   0.486444900098 
1546.0   950.0   0.611106797355   0.492500868732   0.723800700708 
1546.0   1035.0   0.669609270655   0.551978284883   0.77814234537 
1546.0   1120.0   0.857927279552   0.765121972103   0.937948631017 
1546.0   1205.0   0.867929453614   0.91458161503   0.833586922358 
1546.0   1290.0   0.755297190312   0.767106662727   0.755102459171 
1546.0   1375.0   0.755297190312   0.767106662727   0.755102459171 
1546.0   1460.0   0.0   0.0   0.0 
1546.0   1545.0   0.0   0.0   0.0 
1546.0   1630.0   0.0   0.0   0.0 
1546.0   1715.0   0.0   0.0   0.0 
1546.0   1800.0   0.0   0.0   0.0 
1631.0   100.0   0.352684514926   0.260582990537   0.454783882738 
1631.0   185.0   0.398543083865   0.301919771528   0.502626084669 
1631.0   270.0   0.504091899001   0.401156020149   0.608747033526 
1631.0   355.0   0.42901923442   0.330007749681   0.533801796308 
1631.0   440.0   0.465417477321   0.364165264152   0.570449570637 
1631.0   525.0   0.405998510362   0.30874667246   0.510296086547 
1631.0   610.0   0.444917512922   0.344847114888   0.549884524515 
1631.0   695.0   0.45303354468   0.352470784193   0.558049144534 
1631.0   780.0   0.545067242921   0.441096781153   0.64866070407 
1631.0   865.0   0.568828418196   0.464598466971   0.671515569514 
1631.0   950.0   0.654898928109   0.551725376041   0.752676232233 
1631.0   1035.0   0.795648825318   0.700529595254   0.880580828059 
1631.0   1120.0   0.938097384499   0.858643743491   0.99523502239 
1631.0   1205.0   0.984478105247   0.956020085079   0.934780334619 
1631.0   1290.0   0.786131863133   0.805793948812   0.773111542052 
1631.0   1375.0   0.755297190312   0.762673151778   0.755175541554 
1631.0   1460.0   0.755297190312   0.762673151778   0.755175541554 
1631.0   1545.0   0.0   0.0   0.0 
1631.0   1630.0   0.0   0.0   0.0 
1631.0   1715.0   0.0   0.0   0.0 
1631.0   1800.0   0.0   0.0   0.0 
1716.0   100.0   0.612178667804   0.519329514402   0.703151171422 
1716.0   185.0   0.6026280949   0.509617873964   0.694110577207 
1716.0   270.0   0.634853739779   0.54252224697   0.724506673754 
1716.0   355.0   0.628319590719   0.535819565835   0.718368243027 
1716.0   440.0   0.654720908853   0.562996856372   0.743095581629 
1716.0   525.0   0.668184554582   0.576952471747   0.755630142135 
1716.0   610.0   0.709607761003   0.620287567269   0.793888893845 
1716.0   695.0   0.72020114006   0.631464695243   0.803601276878 
1716.0   780.0   0.692161784283   0.601963858162   0.777830886646 
1716.0   865.0   0.738063258795   0.650396997165   0.819913928229 
1716.0   950.0   0.846479212091   0.76755342146   0.917298300081 
1716.0   1035.0   0.994965498607   0.934045474022   0.953517877735 
1716.0   1120.0   0.953898525327   0.887303979548   0.988774163667 
1716.0   1205.0   0.970253092532   0.905853572257   0.974689757748 
1716.0   1290.0   0.915887426916   0.956960475527   0.881513328341 
1716.0   1375.0   0.782864847453   0.798010779721   0.772217006121 
1716.0   1460.0   0.755297190312   0.75995157327   0.755220417864 
1716.0   1545.0   0.755297190312   0.75995157327   0.755220417864 
1716.0   1630.0   0.0   0.0   0.0 
1716.0   1715.0   0.0   0.0   0.0 
1716.0   1800.0   0.0   0.0   0.0 
1801.0   100.0   0.761879807658   0.684831402408   0.834498626468 
1801.0   185.0   0.826282948408   0.754337592813   0.892694194217 
1801.0   270.0   0.814148627743   0.741151661122   0.881794800023 
1801.0   355.0   0.752580252677   0.674893898476   0.826022945829 
1801.0   440.0   0.845885152916   0.775725356004   0.910239403406 
1801.0   525.0   0.81173279147   0.73853139549   0.87962127692 
1801.0   610.0   0.743345430096   0.665050813567   0.817587487153 
1801.0   695.0   0.875703820377   0.808463295146   0.936784964487 
1801.0   780.0   0.90091350046   0.836329978727   0.959094692257 
1801.0   865.0   0.885749551611   0.819547167364   0.945689539572 
1801.0   950.0   0.957425659355   0.899421033328   0.991326897573 
1801.0   1035.0   0.957425659355   0.899421033328   0.991326897573 
1801.0   1120.0   0.98616600277   0.931837951825   0.966341449817 
1801.0   1205.0   0.952876741997   0.99864612674   0.913874986777 
1801.0   1290.0   0.923385917672   0.964619050245   0.888769175465 
1801.0   1375.0   0.846801108806   0.871575731842   0.826263585144 
1801.0   1460.0   0.765713270537   0.774032919044   0.760096307433 
1801.0   1545.0   0.755297190312   0.758260766119   0.755248303242 
1801.0   1630.0   0.755297190312   0.758260766119   0.755248303242 
1801.0   1715.0   0.0   0.0   0.0 
1801.0   1800.0   0.0   0.0   0.0 
1886.0   100.0   0.95948159959   0.908038119681   0.994045259212 
1886.0   185.0   0.995223107517   0.958889519568   0.954378645135 
1886.0   270.0   0.976175065041   0.926723203472   0.979386897536 
1886.0   355.0   0.954493761782   0.902467848501   0.998433897696 
1886.0   440.0   0.924774570792   0.869398917949   0.975332398848 
1886.0   525.0   0.908426404983   0.85129643776   0.960839312372 
1886.0   610.0   0.987919594633   0.939908049591   0.969101590725 
1886.0   695.0   0.934640298984   0.880353718432   0.984057194468 
1886.0   780.0   0.986238928907   0.938019284177   0.970572044729 
1886.0   865.0   0.983370652272   0.972275975738   0.944055312377 
1886.0   950.0   0.985066388621   0.970358703581   0.945530822868 
1886.0   1035.0   0.978278527311   0.978037521499   0.939627442255 
1886.0   1120.0   0.918388798964   0.953711421585   0.887896746142 
1886.0   1205.0   0.914943458843   0.94975614487   0.884941536023 
1886.0   1290.0   0.894229807882   0.925903453872   0.867228063044 
1886.0   1375.0   0.863049224465   0.889734083823   0.840759081153 
1886.0   1460.0   0.80622516763   0.821098731021   0.793985406602 
1886.0   1545.0   0.759795861698   0.765110580704   0.756205944384 
1886.0   1630.0   0.755297190312   0.757193234435   0.755265911611 
1886.0   1715.0   0.755297190312   0.757193234435   0.755265911611 
1886.0   1800.0   0.0   0.0   0.0 
1971.0   100.0   0.936749185548   0.970623784416   0.906547429944 
1971.0   185.0   0.95335074503   0.989406597793   0.921013895477 
1971.0   270.0   0.944504274192   0.979405318587   0.91329973543 
1971.0   355.0   0.934531077953   0.968109635647   0.904617913923 
1971.0   440.0   0.934531077953   0.968109635647   0.904617913923 
1971.0   525.0   0.941182268303   0.975645247202   0.91040611155 
1971.0   610.0   0.936749185548   0.970623784416   0.906547429944 
1971.0   695.0   0.961076195713   0.998126712385   0.927760440213 
1971.0   780.0   0.93785785091   0.971880006585   0.907512148034 
1971.0   865.0   0.926759763809   0.959292362483   0.897864048045 
1971.0   950.0   0.907838911187   0.937766233639   0.881463130884 
1971.0   1035.0   0.904493507479   0.933951220908   0.878569852544 
1971.0   1120.0   0.868710540026   0.892959848617   0.847760736725 
1971.0   1205.0   0.894446860526   0.922477317829   0.869893517899 
1971.0   1290.0   0.856376664613   0.878742581455   0.837207755087 
1971.0   1375.0   0.827181434971   0.844859111918   0.812405723184 
1971.0   1460.0   0.824934043455   0.842234591176   0.810509217397 
1971.0   1545.0   0.796943560792   0.808394367624   0.787329763082 
1971.0   1630.0   0.754724419476   0.757772010535   0.752744273149 
1971.0   1715.0   0.755297190312   0.756522324969   0.755276978825 
1971.0   1800.0   0.755297190312   0.756522324969   0.755276978825 
