200.0   200.0   0.755297190312   0.0   0.0 
200.0   280.0   0.0   0.0   0.0 
200.0   360.0   0.0   0.0   0.0 
200.0   440.0   0.0   0.0   0.0 
200.0   520.0   0.0   0.0   0.0 
200.0   600.0   0.0   0.0   0.0 
200.0   680.0   0.0   0.0   0.0 
200.0   760.0   0.0   0.0   0.0 
200.0   840.0   0.0   0.0   0.0 
200.0   920.0   0.0   0.0   0.0 
200.0   1000.0   0.0   0.0   0.0 
200.0   1080.0   0.0   0.0   0.0 
200.0   1160.0   0.0   0.0   0.0 
200.0   1240.0   0.0   0.0   0.0 
200.0   1320.0   0.0   0.0   0.0 
200.0   1400.0   0.0   0.0   0.0 
200.0   1480.0   0.0   0.0   0.0 
200.0   1560.0   0.0   0.0   0.0 
200.0   1640.0   0.0   0.0   0.0 
200.0   1720.0   0.0   0.0   0.0 
200.0   1800.0   0.0   0.0   0.0 
280.0   200.0   0.0   0.0   0.0 
280.0   280.0   0.755297190312   0.0   0.0 
280.0   360.0   0.0   0.0   0.0 
280.0   440.0   0.0   0.0   0.0 
280.0   520.0   0.0   0.0   0.0 
280.0   600.0   0.0   0.0   0.0 
280.0   680.0   0.0   0.0   0.0 
280.0   760.0   0.0   0.0   0.0 
280.0   840.0   0.0   0.0   0.0 
280.0   920.0   0.0   0.0   0.0 
280.0   1000.0   0.0   0.0   0.0 
280.0   1080.0   0.0   0.0   0.0 
280.0   1160.0   0.0   0.0   0.0 
280.0   1240.0   0.0   0.0   0.0 
280.0   1320.0   0.0   0.0   0.0 
280.0   1400.0   0.0   0.0   0.0 
280.0   1480.0   0.0   0.0   0.0 
280.0   1560.0   0.0   0.0   0.0 
280.0   1640.0   0.0   0.0   0.0 
280.0   1720.0   0.0   0.0   0.0 
280.0   1800.0   0.0   0.0   0.0 
360.0   200.0   0.0   0.0   0.0 
360.0   280.0   0.0   0.0   0.0 
360.0   360.0   0.755297190312   0.0   0.0 
360.0   440.0   0.0   0.0   0.0 
360.0   520.0   0.0   0.0   0.0 
360.0   600.0   0.0   0.0   0.0 
360.0   680.0   0.0   0.0   0.0 
360.0   760.0   0.0   0.0   0.0 
360.0   840.0   0.0   0.0   0.0 
360.0   920.0   0.0   0.0   0.0 
360.0   1000.0   0.0   0.0   0.0 
360.0   1080.0   0.0   0.0   0.0 
360.0   1160.0   0.0   0.0   0.0 
360.0   1240.0   0.0   0.0   0.0 
360.0   1320.0   0.0   0.0   0.0 
360.0   1400.0   0.0   0.0   0.0 
360.0   1480.0   0.0   0.0   0.0 
360.0   1560.0   0.0   0.0   0.0 
360.0   1640.0   0.0   0.0   0.0 
360.0   1720.0   0.0   0.0   0.0 
360.0   1800.0   0.0   0.0   0.0 
440.0   200.0   0.0   0.0   0.0 
440.0   280.0   0.0   0.0   0.0 
440.0   360.0   0.0   0.0   0.0 
440.0   440.0   0.755297190312   0.0   0.0 
440.0   520.0   0.0   0.0   0.0 
440.0   600.0   0.0   0.0   0.0 
440.0   680.0   0.0   0.0   0.0 
440.0   760.0   0.0   0.0   0.0 
440.0   840.0   0.0   0.0   0.0 
440.0   920.0   0.0   0.0   0.0 
440.0   1000.0   0.0   0.0   0.0 
440.0   1080.0   0.0   0.0   0.0 
440.0   1160.0   0.0   0.0   0.0 
440.0   1240.0   0.0   0.0   0.0 
440.0   1320.0   0.0   0.0   0.0 
440.0   1400.0   0.0   0.0   0.0 
440.0   1480.0   0.0   0.0   0.0 
440.0   1560.0   0.0   0.0   0.0 
440.0   1640.0   0.0   0.0   0.0 
440.0   1720.0   0.0   0.0   0.0 
440.0   1800.0   0.0   0.0   0.0 
520.0   200.0   0.0   0.0   0.0 
520.0   280.0   0.0   0.0   0.0 
520.0   360.0   0.0   0.0   0.0 
520.0   440.0   0.0   0.0   0.0 
520.0   520.0   0.755297190312   0.0   0.0 
520.0   600.0   0.0   0.0   0.0 
520.0   680.0   0.0   0.0   0.0 
520.0   760.0   0.0   0.0   0.0 
520.0   840.0   0.0   0.0   0.0 
520.0   920.0   0.0   0.0   0.0 
520.0   1000.0   0.0   0.0   0.0 
520.0   1080.0   0.0   0.0   0.0 
520.0   1160.0   0.0   0.0   0.0 
520.0   1240.0   0.0   0.0   0.0 
520.0   1320.0   0.0   0.0   0.0 
520.0   1400.0   0.0   0.0   0.0 
520.0   1480.0   0.0   0.0   0.0 
520.0   1560.0   0.0   0.0   0.0 
520.0   1640.0   0.0   0.0   0.0 
520.0   1720.0   0.0   0.0   0.0 
520.0   1800.0   0.0   0.0   0.0 
600.0   200.0   0.0   0.0   0.0 
600.0   280.0   0.0   0.0   0.0 
600.0   360.0   0.0   0.0   0.0 
600.0   440.0   0.0   0.0   0.0 
600.0   520.0   0.0   0.0   0.0 
600.0   600.0   0.755297190312   0.0   0.0 
600.0   680.0   0.0   0.0   0.0 
600.0   760.0   0.0   0.0   0.0 
600.0   840.0   0.0   0.0   0.0 
600.0   920.0   0.0   0.0   0.0 
600.0   1000.0   0.0   0.0   0.0 
600.0   1080.0   0.0   0.0   0.0 
600.0   1160.0   0.0   0.0   0.0 
600.0   1240.0   0.0   0.0   0.0 
600.0   1320.0   0.0   0.0   0.0 
600.0   1400.0   0.0   0.0   0.0 
600.0   1480.0   0.0   0.0   0.0 
600.0   1560.0   0.0   0.0   0.0 
600.0   1640.0   0.0   0.0   0.0 
600.0   1720.0   0.0   0.0   0.0 
600.0   1800.0   0.0   0.0   0.0 
680.0   200.0   0.0   0.0   0.0 
680.0   280.0   0.0   0.0   0.0 
680.0   360.0   0.0   0.0   0.0 
680.0   440.0   0.0   0.0   0.0 
680.0   520.0   0.0   0.0   0.0 
680.0   600.0   0.0   0.0   0.0 
680.0   680.0   0.755297190312   0.0   0.0 
680.0   760.0   0.0   0.0   0.0 
680.0   840.0   0.0   0.0   0.0 
680.0   920.0   0.0   0.0   0.0 
680.0   1000.0   0.0   0.0   0.0 
680.0   1080.0   0.0   0.0   0.0 
680.0   1160.0   0.0   0.0   0.0 
680.0   1240.0   0.0   0.0   0.0 
680.0   1320.0   0.0   0.0   0.0 
680.0   1400.0   0.0   0.0   0.0 
680.0   1480.0   0.0   0.0   0.0 
680.0   1560.0   0.0   0.0   0.0 
680.0   1640.0   0.0   0.0   0.0 
680.0   1720.0   0.0   0.0   0.0 
680.0   1800.0   0.0   0.0   0.0 
760.0   200.0   0.0   0.0   0.0 
760.0   280.0   0.0   0.0   0.0 
760.0   360.0   0.0   0.0   0.0 
760.0   440.0   0.0   0.0   0.0 
760.0   520.0   0.0   0.0   0.0 
760.0   600.0   0.0   0.0   0.0 
760.0   680.0   0.0   0.0   0.0 
760.0   760.0   0.755297190312   0.0   0.0 
760.0   840.0   0.0   0.0   0.0 
760.0   920.0   0.0   0.0   0.0 
760.0   1000.0   0.0   0.0   0.0 
760.0   1080.0   0.0   0.0   0.0 
760.0   1160.0   0.0   0.0   0.0 
760.0   1240.0   0.0   0.0   0.0 
760.0   1320.0   0.0   0.0   0.0 
760.0   1400.0   0.0   0.0   0.0 
760.0   1480.0   0.0   0.0   0.0 
760.0   1560.0   0.0   0.0   0.0 
760.0   1640.0   0.0   0.0   0.0 
760.0   1720.0   0.0   0.0   0.0 
760.0   1800.0   0.0   0.0   0.0 
840.0   200.0   0.0   0.0   0.0 
840.0   280.0   0.0   0.0   0.0 
840.0   360.0   0.0   0.0   0.0 
840.0   440.0   0.0   0.0   0.0 
840.0   520.0   0.0   0.0   0.0 
840.0   600.0   0.0   0.0   0.0 
840.0   680.0   0.0   0.0   0.0 
840.0   760.0   0.0   0.0   0.0 
840.0   840.0   0.755297190312   0.0   0.0 
840.0   920.0   0.0   0.0   0.0 
840.0   1000.0   0.0   0.0   0.0 
840.0   1080.0   0.0   0.0   0.0 
840.0   1160.0   0.0   0.0   0.0 
840.0   1240.0   0.0   0.0   0.0 
840.0   1320.0   0.0   0.0   0.0 
840.0   1400.0   0.0   0.0   0.0 
840.0   1480.0   0.0   0.0   0.0 
840.0   1560.0   0.0   0.0   0.0 
840.0   1640.0   0.0   0.0   0.0 
840.0   1720.0   0.0   0.0   0.0 
840.0   1800.0   0.0   0.0   0.0 
920.0   200.0   0.0   0.0   0.0 
920.0   280.0   0.0   0.0   0.0 
920.0   360.0   0.0   0.0   0.0 
920.0   440.0   0.0   0.0   0.0 
920.0   520.0   0.0   0.0   0.0 
920.0   600.0   0.0   0.0   0.0 
920.0   680.0   0.0   0.0   0.0 
920.0   760.0   0.0   0.0   0.0 
920.0   840.0   0.0   0.0   6.66133814775e-16 
920.0   920.0   0.755297190312   0.0   0.0 
920.0   1000.0   0.0   0.0   0.0 
920.0   1080.0   0.0   0.0   0.0 
920.0   1160.0   0.0   0.0   0.0 
920.0   1240.0   0.0   0.0   0.0 
920.0   1320.0   0.0   0.0   0.0 
920.0   1400.0   0.0   0.0   0.0 
920.0   1480.0   0.0   0.0   0.0 
920.0   1560.0   0.0   0.0   0.0 
920.0   1640.0   0.0   0.0   0.0 
920.0   1720.0   0.0   0.0   0.0 
920.0   1800.0   0.0   0.0   0.0 
1000.0   200.0   0.0   0.0   0.0 
1000.0   280.0   0.0   0.0   0.0 
1000.0   360.0   0.0   0.0   0.0 
1000.0   440.0   0.0   0.0   0.0 
1000.0   520.0   0.0   0.0   0.0 
1000.0   600.0   0.0   0.0   0.0 
1000.0   680.0   0.0   0.0   0.0 
1000.0   760.0   0.0   0.0   0.0 
1000.0   840.0   0.0   0.0   0.0 
1000.0   920.0   2.405692201e-09   1.41009426358e-12   6.91442508027e-07 
1000.0   1000.0   0.755297190312   0.0   3.90533161365e-11 
1000.0   1080.0   0.0   0.0   0.0 
1000.0   1160.0   0.0   0.0   0.0 
1000.0   1240.0   0.0   0.0   0.0 
1000.0   1320.0   0.0   0.0   0.0 
1000.0   1400.0   0.0   0.0   0.0 
1000.0   1480.0   0.0   0.0   0.0 
1000.0   1560.0   0.0   0.0   0.0 
1000.0   1640.0   0.0   0.0   0.0 
1000.0   1720.0   0.0   0.0   0.0 
1000.0   1800.0   0.0   0.0   0.0 
1080.0   200.0   0.0   0.0   0.0 
1080.0   280.0   0.0   0.0   0.0 
1080.0   360.0   0.0   0.0   0.0 
1080.0   440.0   0.0   0.0   0.0 
1080.0   520.0   0.0   0.0   0.0 
1080.0   600.0   0.0   0.0   0.0 
1080.0   680.0   0.0   0.0   0.0 
1080.0   760.0   0.0   0.0   0.0 
1080.0   840.0   0.0   0.0   0.0 
1080.0   920.0   3.01980662698e-13   1.11022302463e-16   2.33061792088e-10 
1080.0   1000.0   4.00291160607e-06   4.72489469772e-08   0.000118927004311 
1080.0   1080.0   0.755297190312   0.0   0.0472216531189 
1080.0   1160.0   0.0   0.0   0.0 
1080.0   1240.0   0.0   0.0   0.0 
1080.0   1320.0   0.0   0.0   0.0 
1080.0   1400.0   0.0   0.0   0.0 
1080.0   1480.0   0.0   0.0   0.0 
1080.0   1560.0   0.0   0.0   0.0 
1080.0   1640.0   0.0   0.0   0.0 
1080.0   1720.0   0.0   0.0   0.0 
1080.0   1800.0   0.0   0.0   0.0 
1160.0   200.0   0.0   0.0   0.0 
1160.0   280.0   0.0   0.0   0.0 
1160.0   360.0   0.0   0.0   0.0 
1160.0   440.0   0.0   0.0   0.0 
1160.0   520.0   0.0   0.0   0.0 
1160.0   600.0   0.0   0.0   0.0 
1160.0   680.0   0.0   0.0   0.0 
1160.0   760.0   0.0   0.0   0.0 
1160.0   840.0   0.0   0.0   5.77315972805e-15 
1160.0   920.0   2.14310791335e-11   4.36317648678e-14   4.11326406269e-09 
1160.0   1000.0   1.72459921899e-08   1.27162613772e-10   1.00331828468e-06 
1160.0   1080.0   0.00132822027857   0.000132220037319   0.00757527218791 
1160.0   1160.0   0.755297190312   0.0   0.108024210037 
1160.0   1240.0   0.0   0.0   0.0 
1160.0   1320.0   0.0   0.0   0.0 
1160.0   1400.0   0.0   0.0   0.0 
1160.0   1480.0   0.0   0.0   0.0 
1160.0   1560.0   0.0   0.0   0.0 
1160.0   1640.0   0.0   0.0   0.0 
1160.0   1720.0   0.0   0.0   0.0 
1160.0   1800.0   0.0   0.0   0.0 
1240.0   200.0   0.0   0.0   0.0 
1240.0   280.0   0.0   0.0   0.0 
1240.0   360.0   0.0   0.0   0.0 
1240.0   440.0   0.0   0.0   9.99200722163e-16 
1240.0   520.0   0.0   0.0   0.0 
1240.0   600.0   0.0   0.0   0.0 
1240.0   680.0   0.0   0.0   8.881784197e-16 
1240.0   760.0   1.11022302463e-15   0.0   6.29052365753e-13 
1240.0   840.0   8.66684501943e-12   3.08642000846e-14   1.20346543842e-09 
1240.0   920.0   3.45863393481e-09   3.48169271192e-11   1.80493308077e-07 
1240.0   1000.0   2.43686448353e-07   5.41999112258e-09   6.08139893965e-06 
1240.0   1080.0   8.52225911401e-05   6.33836997566e-06   0.000707498827572 
1240.0   1160.0   0.00754502499444   0.00165309132821   0.0243790813191 
1240.0   1240.0   0.755297190312   0.0   0.421173426137 
1240.0   1320.0   0.0   0.0   0.0 
1240.0   1400.0   0.0   0.0   0.0 
1240.0   1480.0   0.0   0.0   0.0 
1240.0   1560.0   0.0   0.0   0.0 
1240.0   1640.0   0.0   0.0   0.0 
1240.0   1720.0   0.0   0.0   0.0 
1240.0   1800.0   0.0   0.0   0.0 
1320.0   200.0   0.0   0.0   9.99200722163e-16 
1320.0   280.0   2.22044604925e-16   0.0   7.13873404834e-14 
1320.0   360.0   1.11022302463e-16   0.0   2.12052597703e-14 
1320.0   440.0   3.33066907388e-16   0.0   8.39328606617e-14 
1320.0   520.0   2.49511522554e-12   1.98729921408e-14   1.979966191e-10 
1320.0   600.0   2.80220291415e-13   9.99200722163e-16   4.4555359402e-11 
1320.0   680.0   6.92892410115e-11   5.89084336866e-13   4.84410223045e-09 
1320.0   760.0   1.22553489579e-09   1.66255897938e-11   5.49624872281e-08 
1320.0   840.0   8.88639375418e-08   2.49843790101e-09   2.00384197224e-06 
1320.0   920.0   1.37872310679e-07   4.18798118407e-09   2.89141075704e-06 
1320.0   1000.0   2.01513802958e-05   1.54048586543e-06   0.000179321614677 
1320.0   1080.0   0.000442379358321   6.33841211385e-05   0.00222414148602 
1320.0   1160.0   0.0114425427681   0.00341689639913   0.0301382772743 
1320.0   1240.0   0.110293337801   0.0585638910456   0.17930671627 
1320.0   1320.0   0.755297190312   0.0   0.0 
1320.0   1400.0   0.0   0.0   0.0 
1320.0   1480.0   0.0   0.0   0.0 
1320.0   1560.0   0.0   0.0   0.0 
1320.0   1640.0   0.0   0.0   0.0 
1320.0   1720.0   0.0   0.0   0.0 
1320.0   1800.0   0.0   0.0   0.0 
1400.0   200.0   2.26707541628e-13   1.99840144433e-15   1.80615522538e-11 
1400.0   280.0   2.23925322729e-11   3.60600438398e-13   9.92559701096e-10 
1400.0   360.0   1.08281716926e-10   2.15649720303e-12   3.91167320757e-09 
1400.0   440.0   1.21152310406e-10   2.44981812614e-12   4.31295543724e-09 
1400.0   520.0   8.393578943e-09   3.04405944895e-10   1.70468586691e-07 
1400.0   600.0   2.53241105863e-08   1.07327058352e-09   4.42999048778e-07 
1400.0   680.0   4.38486222887e-08   1.5140072529e-09   8.86901557973e-07 
1400.0   760.0   3.22774928008e-07   1.55011480318e-08   4.77623174011e-06 
1400.0   840.0   2.74489656823e-05   2.86442613684e-06   0.000196257322494 
1400.0   920.0   3.37272952202e-05   3.65482026565e-06   0.000232857392361 
1400.0   1000.0   0.00023064108847   3.58634509247e-05   0.00114146553129 
1400.0   1080.0   0.00537214654693   0.00157768599903   0.0149746262452 
1400.0   1160.0   0.0174493911117   0.00662105363551   0.0388234397629 
1400.0   1240.0   0.0737146159569   0.0388963104454   0.123535781444 
1400.0   1320.0   0.24599384072   0.173183731127   0.32424602901 
1400.0   1400.0   0.755297190312   1.48547840695e-13   0.515370967496 
1400.0   1480.0   0.0   0.0   0.0 
1400.0   1560.0   0.0   0.0   0.0 
1400.0   1640.0   0.0   0.0   0.0 
1400.0   1720.0   0.0   0.0   0.0 
1400.0   1800.0   0.0   0.0   0.0 
1480.0   200.0   2.6040407608e-08   1.42922951252e-09   3.77224948611e-07 
1480.0   280.0   3.20646004193e-08   1.80989845333e-09   4.52098159354e-07 
1480.0   360.0   2.91325622515e-07   2.22152656271e-08   3.07416762424e-06 
1480.0   440.0   4.24577592195e-07   3.41065948817e-08   4.26151219335e-06 
1480.0   520.0   3.6084193985e-06   3.91428998658e-07   2.71469819644e-05 
1480.0   600.0   1.12937197331e-05   1.44320488094e-06   7.26372569149e-05 
1480.0   680.0   0.000162847613374   3.09222047975e-05   0.000718301612049 
1480.0   760.0   0.000268709521882   5.06665124146e-05   0.00116219478272 
1480.0   840.0   0.000396141522179   8.01579409633e-05   0.00160507478159 
1480.0   920.0   0.000930460039984   0.000220473211711   0.00326013454157 
1480.0   1000.0   0.00403471045363   0.00126536479971   0.0109505992627 
1480.0   1080.0   0.00500933208512   0.00163908917272   0.0130848743705 
1480.0   1160.0   0.0386692261191   0.0191741840577   0.0697837572545 
1480.0   1240.0   0.0575605638808   0.0310475319261   0.0965209283397 
1480.0   1320.0   0.163564437517   0.110492853214   0.226016274358 
1480.0   1400.0   0.41887855739   0.346336797313   0.488400508554 
1480.0   1480.0   0.755297190312   6.99629243428e-12   0.540190333851 
1480.0   1560.0   0.0   0.0   0.0 
1480.0   1640.0   0.0   0.0   0.0 
1480.0   1720.0   0.0   0.0   0.0 
1480.0   1800.0   0.0   0.0   0.0 
1560.0   200.0   1.55527735898e-05   2.43618764839e-06   8.54257463911e-05 
1560.0   280.0   2.04627362665e-05   3.32945062498e-06   0.000108358116813 
1560.0   360.0   1.88076042363e-05   3.02454973555e-06   0.000100721014968 
1560.0   440.0   2.52585201992e-05   4.2318673622e-06   0.000130039914191 
1560.0   520.0   0.000118242107084   2.46325572664e-05   0.000493904234958 
1560.0   600.0   0.000202009821194   4.54549941535e-05   0.000783815454294 
1560.0   680.0   0.000594325585439   0.000156624763507   0.00198324336709 
1560.0   760.0   0.00430272430678   0.00153325089535   0.0107868667273 
1560.0   840.0   0.00659658296436   0.0024976762834   0.0154489838797 
1560.0   920.0   0.00795207284897   0.00311765407299   0.0180421991395 
1560.0   1000.0   0.025337078457   0.0123803598639   0.047122681864 
1560.0   1080.0   0.0525524549148   0.0296027344388   0.0861051313489 
1560.0   1160.0   0.0636062727303   0.0372029516618   0.100804894095 
1560.0   1240.0   0.134987009927   0.0916786634023   0.187642619243 
1560.0   1320.0   0.209246597852   0.155063799928   0.269671485415 
1560.0   1400.0   0.306671987962   0.245010794978   0.370459074879 
1560.0   1480.0   0.558175242967   0.498633966584   0.61292176534 
1560.0   1560.0   0.755297190312   6.8104855433e-07   0.623652190976 
1560.0   1640.0   0.0   0.0   0.0 
1560.0   1720.0   0.0   0.0   0.0 
1560.0   1800.0   0.0   0.0   0.0 
1640.0   200.0   0.000869032608282   0.000266588083299   0.00256624608944 
1640.0   280.0   0.000988588029148   0.000308887816709   0.00286833696403 
1640.0   360.0   0.000988588029148   0.000308887816709   0.00286833696403 
1640.0   440.0   0.0009759408442   0.000304376136484   0.00283663276922 
1640.0   520.0   0.00277427496109   0.00100642292092   0.00697889405972 
1640.0   600.0   0.00414313125121   0.00159467993529   0.00985092758403 
1640.0   680.0   0.0103009625489   0.00454855046926   0.0215005256932 
1640.0   760.0   0.0168685712496   0.00803927068159   0.0327625273068 
1640.0   840.0   0.0303894293678   0.015897739424   0.0540783209571 
1640.0   920.0   0.0538650977296   0.0309315600929   0.0878726958619 
1640.0   1000.0   0.0700658853212   0.0436686058265   0.106036180988 
1640.0   1080.0   0.107376877228   0.0724416527037   0.151409377394 
1640.0   1160.0   0.125881971343   0.0874720124562   0.172906774348 
1640.0   1240.0   0.198547953828   0.15010957916   0.253123310728 
1640.0   1320.0   0.250772349471   0.197881291181   0.307902065565 
1640.0   1400.0   0.349088919928   0.292336459654   0.406880131491 
1640.0   1480.0   0.470420992268   0.414735624945   0.524244560718 
1640.0   1560.0   0.678155448052   0.632900958926   0.719029643452 
1640.0   1640.0   0.755297190312   0.0165542884022   0.706173393433 
1640.0   1720.0   0.0   0.0   0.0 
1640.0   1800.0   0.0   0.0   0.0 
1720.0   200.0   0.0101991935702   0.00476952777117   0.0204406410303 
1720.0   280.0   0.013109364245   0.00635997988696   0.0253690265393 
1720.0   360.0   0.0132121289267   0.0064172031965   0.0255399614539 
1720.0   440.0   0.0174742848947   0.00884564840392   0.0324771261025 
1720.0   520.0   0.0210191031064   0.0109373401866   0.0380573509407 
1720.0   600.0   0.0262245979488   0.0141077967809   0.0460093464947 
1720.0   680.0   0.0298261703818   0.0163611888414   0.0513723692819 
1720.0   760.0   0.0521107084217   0.0311476045859   0.0827831861506 
1720.0   840.0   0.0770311209031   0.0489653152038   0.115519550703 
1720.0   920.0   0.12328602452   0.0845411651328   0.172293138105 
1720.0   1000.0   0.137718459068   0.100042422338   0.182927926795 
1720.0   1080.0   0.203582598889   0.158286570729   0.254440142591 
1720.0   1160.0   0.221910553665   0.175117349318   0.27369280202 
1720.0   1240.0   0.273798918531   0.223951061227   0.327064842261 
1720.0   1320.0   0.304958608435   0.254006035903   0.358449319987 
1720.0   1400.0   0.391098252148   0.339380848443   0.443258012981 
1720.0   1480.0   0.473878808198   0.42389525859   0.52279306937 
1720.0   1560.0   0.584871259903   0.539809921793   0.627542592111 
1720.0   1640.0   0.69952245189   0.661316077744   0.734578635172 
1720.0   1720.0   0.755297190312   0.0063084496164   0.69698056268 
1720.0   1800.0   0.0   0.0   0.0 
1800.0   200.0   0.0548428569595   0.0342400611309   0.0843126073264 
1800.0   280.0   0.0641521587915   0.0410010977704   0.0964644137534 
1800.0   360.0   0.0682102581304   0.0439979474399   0.101678604867 
1800.0   440.0   0.0597507454841   0.0377840314386   0.0907538220315 
1800.0   520.0   0.0834031485562   0.0554569383747   0.120816745121 
1800.0   600.0   0.0931934945472   0.0630224429551   0.132870687779 
1800.0   680.0   0.0849657360847   0.0566554044324   0.122754174091 
1800.0   760.0   0.126404406942   0.0895847873201   0.172469280873 
1800.0   840.0   0.166400812995   0.123106742362   0.218121832706 
1800.0   920.0   0.168597688468   0.124989986802   0.220577099835 
1800.0   1000.0   0.244638873162   0.192443903555   0.302947232982 
1800.0   1080.0   0.282818474277   0.2362037494   0.332616273175 
1800.0   1160.0   0.332253837157   0.284635898689   0.381897182996 
1800.0   1240.0   0.32911453492   0.281528595642   0.378795108338 
1800.0   1320.0   0.390478589188   0.342944767328   0.438866860637 
1800.0   1400.0   0.483779992785   0.43858095653   0.528406576584 
1800.0   1480.0   0.542641011388   0.499951689885   0.584121305188 
1800.0   1560.0   0.600837474346   0.561181475004   0.638823871499 
1800.0   1640.0   0.665460240226   0.629596672175   0.699294029396 
1800.0   1720.0   0.800285899208   0.772764892034   0.825207961961 
1800.0   1800.0   0.755297190312   0.242295818409   0.732480004829 
1880.0   200.0   0.165884483056   0.125267629615   0.214322625334 
1880.0   280.0   0.160245536413   0.120384027184   0.2080475317 
1880.0   360.0   0.169742064821   0.128623509645   0.21859743566 
1880.0   440.0   0.180767884397   0.138280548732   0.230738901973 
1880.0   520.0   0.149048183226   0.110766575698   0.195490005461 
1880.0   600.0   0.175679192464   0.133811759281   0.225149168248 
1880.0   680.0   0.200757007431   0.156022183498   0.252480418166 
1880.0   760.0   0.216555424881   0.170244402189   0.269438971994 
1880.0   840.0   0.254230323827   0.204811452048   0.30917658846 
1880.0   920.0   0.260560524189   0.210703522774   0.315765118638 
1880.0   1000.0   0.347735115133   0.29400580743   0.404350419597 
1880.0   1080.0   0.399807654081   0.345462124725   0.455669270173 
1880.0   1160.0   0.431592636246   0.388257081814   0.475471250039 
1880.0   1240.0   0.460898939384   0.418433440026   0.50353103868 
1880.0   1320.0   0.47550996903   0.43355201593   0.517464186449 
1880.0   1400.0   0.523552037401   0.483563089402   0.563053948768 
1880.0   1480.0   0.586044696917   0.54917215284   0.621959486311 
1880.0   1560.0   0.607505543044   0.571813113244   0.642113854068 
1880.0   1640.0   0.674295809016   0.642512172289   0.704690770703 
1880.0   1720.0   0.750567617613   0.723447063429   0.776047797775 
1880.0   1800.0   0.822670498963   0.799862336333   0.843569654773 
1960.0   200.0   0.271455130158   0.223924750041   0.323872313736 
1960.0   280.0   0.294147731326   0.245522332602   0.347087156355 
1960.0   360.0   0.314554966602   0.265162422892   0.367750211577 
1960.0   440.0   0.319560637853   0.27001000395   0.372789603172 
1960.0   520.0   0.307984350195   0.258817081808   0.361118281028 
1960.0   600.0   0.317327624307   0.267846080309   0.370542918849 
1960.0   680.0   0.343224893708   0.293080483922   0.396467613792 
1960.0   760.0   0.386362166408   0.335749796216   0.439060941763 
1960.0   840.0   0.348010051058   0.297775519734   0.401227478542 
1960.0   920.0   0.411284805077   0.360738175379   0.463367044531 
1960.0   1000.0   0.454490445045   0.404594120056   0.505037394341 
1960.0   1080.0   0.462037374355   0.412320703616   0.512259936191 
1960.0   1160.0   0.537184603021   0.490238428794   0.583370220413 
1960.0   1240.0   0.547411986414   0.511422852056   0.583136657035 
1960.0   1320.0   0.572129469629   0.537391736921   0.606441760579 
1960.0   1400.0   0.596344022642   0.562898855466   0.629226832278 
1960.0   1480.0   0.628091796829   0.596422167882   0.659047081788 
1960.0   1560.0   0.666300496986   0.636857061382   0.694881068127 
1960.0   1640.0   0.687496281071   0.659315613465   0.714744394327 
1960.0   1720.0   0.760490680101   0.736703189841   0.783142471054 
1960.0   1800.0   0.808743301504   0.787805587897   0.828404256605 
2040.0   200.0   0.425544383479   0.378214691427   0.474370017671 
2040.0   280.0   0.46080721657   0.414212405195   0.508269249526 
2040.0   360.0   0.436561407914   0.389417691832   0.484998411343 
2040.0   440.0   0.426968381178   0.379660439185   0.475745762525 
2040.0   520.0   0.487718098603   0.441947162887   0.53391699614 
2040.0   600.0   0.461313160727   0.414731794283   0.508753158425 
2040.0   680.0   0.469983200749   0.423644566731   0.517035214175 
2040.0   760.0   0.51256610349   0.467745423035   0.557442020827 
2040.0   840.0   0.479828541161   0.433793413351   0.526416640072 
2040.0   920.0   0.518100089515   0.473514788247   0.562662027893 
2040.0   1000.0   0.562932978563   0.520556036628   0.604710564751 
2040.0   1080.0   0.557016985897   0.514318926463   0.599185424904 
2040.0   1160.0   0.600130827586   0.559966934403   0.63930127052 
2040.0   1240.0   0.660724931171   0.624821727013   0.695158190819 
2040.0   1320.0   0.620236475335   0.590395187001   0.649750132828 
2040.0   1400.0   0.654634161461   0.626755676099   0.68205467989 
2040.0   1480.0   0.674769726309   0.648066258701   0.700950060738 
2040.0   1560.0   0.692503291626   0.66684504968   0.717586467522 
2040.0   1640.0   0.713679637537   0.689276918501   0.737450530292 
2040.0   1720.0   0.771427999721   0.750444126258   0.791639766295 
2040.0   1800.0   0.790187319944   0.77029883561   0.809257351401 
2120.0   200.0   0.56856232084   0.52913375636   0.607730778411 
2120.0   280.0   0.560992440013   0.521146024914   0.60065790008 
2120.0   360.0   0.555860005322   0.515737876362   0.595856466274 
2120.0   440.0   0.575809635943   0.536793411029   0.614492652594 
2120.0   520.0   0.567761633156   0.528288246619   0.606983149879 
2120.0   600.0   0.577024749777   0.538078820418   0.615625471283 
2120.0   680.0   0.560596287503   0.520728371162   0.600287469587 
2120.0   760.0   0.573385617692   0.534230152744   0.612232032716 
2120.0   840.0   0.592597013195   0.554580854463   0.630120727821 
2120.0   920.0   0.620889250129   0.58469400152   0.656355687304 
2120.0   1000.0   0.629983372448   0.594407704905   0.664762786655 
2120.0   1080.0   0.649401669208   0.61520157233   0.682675371995 
2120.0   1160.0   0.662933286401   0.62973213685   0.69512847425 
2120.0   1240.0   0.695484901977   0.66481173938   0.724997722549 
2120.0   1320.0   0.733039900337   0.705475448505   0.759329437641 
2120.0   1400.0   0.697907080396   0.674366197288   0.721141619829 
2120.0   1480.0   0.720893903591   0.698698500198   0.742725762735 
2120.0   1560.0   0.742104788946   0.721151036315   0.762645819855 
2120.0   1640.0   0.749368679901   0.728839182532   0.769469101008 
2120.0   1720.0   0.776940128956   0.758011816494   0.795377863134 
2120.0   1800.0   0.797807072584   0.780076377503   0.814999292908 
2200.0   200.0   0.651373070863   0.619393732331   0.682776327851 
2200.0   280.0   0.663802361942   0.632724660224   0.694236317574 
2200.0   360.0   0.655594308899   0.623918373603   0.686670406064 
2200.0   440.0   0.659231345073   0.627819156252   0.690023867981 
2200.0   520.0   0.662580720824   0.631413299503   0.693110740282 
2200.0   600.0   0.670248576239   0.639648164172   0.700172867093 
2200.0   680.0   0.675818072692   0.645635172011   0.705298366478 
2200.0   760.0   0.69468754922   0.665952897691   0.722640013931 
2200.0   840.0   0.697879515481   0.669394763269   0.725570155961 
2200.0   920.0   0.688976444555   0.6597981349   0.717395008258 
2200.0   1000.0   0.709811985932   0.682273242294   0.736515928174 
2200.0   1080.0   0.72326882389   0.696817997379   0.748846230485 
2200.0   1160.0   0.729927280129   0.704022406695   0.754942428456 
2200.0   1240.0   0.740716547636   0.71570621083   0.76481460566 
2200.0   1320.0   0.768493381699   0.745834271387   0.790203401938 
2200.0   1400.0   0.798383930416   0.778310272784   0.817500630573 
2200.0   1480.0   0.756407776957   0.737707139382   0.774884674905 
2200.0   1560.0   0.777067100167   0.759549416489   0.794316653518 
2200.0   1640.0   0.778501471496   0.761065528395   0.795666198258 
2200.0   1720.0   0.805836399595   0.789945793176   0.821395721422 
2200.0   1800.0   0.824668605114   0.809826342438   0.839135417303 
