272.0   0.0   0.0   0.0   0.0 
272.0   35.0   0.0   0.0   0.0 
272.0   70.0   0.0   0.0   0.0 
272.0   105.0   0.0   0.0   0.0 
272.0   140.0   0.0   0.0   0.0 
272.0   175.0   0.0   0.0   0.0 
272.0   210.0   0.0   0.0   0.0 
272.0   245.0   0.0   0.0   0.0 
272.0   280.0   0.0   0.0   0.0 
272.0   315.0   0.0   0.0   0.0 
272.0   350.0   0.0   0.0   0.0 
272.0   385.0   0.0   0.0   0.0 
272.0   420.0   0.0   0.0   0.0 
272.0   455.0   0.0   0.0   0.0 
272.0   490.0   0.0   0.0   0.0 
272.0   525.0   0.0   0.0   0.0 
272.0   560.0   0.0   0.0   0.0 
272.0   595.0   0.0   0.0   0.0 
272.0   630.0   0.0   0.0   0.0 
272.0   665.0   0.0   0.0   0.0 
272.0   700.0   0.0   0.0   0.0 
307.0   0.0   0.0   0.0   0.0 
307.0   35.0   0.0   0.0   0.0 
307.0   70.0   0.0   0.0   0.0 
307.0   105.0   0.0   0.0   0.0 
307.0   140.0   0.0   0.0   0.0 
307.0   175.0   0.0   0.0   0.0 
307.0   210.0   0.0   0.0   0.0 
307.0   245.0   0.0   0.0   0.0 
307.0   280.0   0.0   0.0   0.0 
307.0   315.0   0.0   0.0   0.0 
307.0   350.0   0.0   0.0   0.0 
307.0   385.0   0.0   0.0   0.0 
307.0   420.0   0.0   0.0   0.0 
307.0   455.0   0.0   0.0   0.0 
307.0   490.0   0.0   0.0   0.0 
307.0   525.0   0.0   0.0   0.0 
307.0   560.0   0.0   0.0   0.0 
307.0   595.0   0.0   0.0   0.0 
307.0   630.0   0.0   0.0   0.0 
307.0   665.0   0.0   0.0   0.0 
307.0   700.0   0.0   0.0   0.0 
342.0   0.0   0.0   0.0   0.0 
342.0   35.0   0.0   0.0   0.0 
342.0   70.0   4.4408920985e-16   0.0   1.21213803439e-08 
342.0   105.0   0.0   0.0   0.0 
342.0   140.0   0.0   0.0   0.0 
342.0   175.0   0.0   0.0   0.0 
342.0   210.0   0.0   0.0   0.0 
342.0   245.0   0.0   0.0   0.0 
342.0   280.0   0.0   0.0   0.0 
342.0   315.0   0.0   0.0   0.0 
342.0   350.0   0.0   0.0   0.0 
342.0   385.0   0.0   0.0   0.0 
342.0   420.0   0.0   0.0   0.0 
342.0   455.0   0.0   0.0   0.0 
342.0   490.0   0.0   0.0   0.0 
342.0   525.0   0.0   0.0   0.0 
342.0   560.0   0.0   0.0   0.0 
342.0   595.0   0.0   0.0   0.0 
342.0   630.0   0.0   0.0   0.0 
342.0   665.0   0.0   0.0   0.0 
342.0   700.0   0.0   0.0   0.0 
377.0   0.0   2.02226013712e-11   0.0   4.39626737403e-06 
377.0   35.0   1.99840144433e-15   0.0   1.36923430372e-08 
377.0   70.0   0.0   0.0   9.99200722163e-15 
377.0   105.0   0.0   0.0   0.0 
377.0   140.0   0.0   0.0   0.0 
377.0   175.0   0.0   0.0   0.0 
377.0   210.0   0.0   0.0   0.0 
377.0   245.0   0.0   0.0   0.0 
377.0   280.0   0.0   0.0   0.0 
377.0   315.0   0.0   0.0   0.0 
377.0   350.0   0.0   0.0   0.0 
377.0   385.0   0.0   0.0   0.0 
377.0   420.0   0.0   0.0   0.0 
377.0   455.0   0.0   0.0   0.0 
377.0   490.0   0.0   0.0   0.0 
377.0   525.0   0.0   0.0   0.0 
377.0   560.0   0.0   0.0   0.0 
377.0   595.0   0.0   0.0   0.0 
377.0   630.0   0.0   0.0   0.0 
377.0   665.0   0.0   0.0   0.0 
377.0   700.0   0.0   0.0   0.0 
412.0   0.0   1.20674258289e-05   1.05398689776e-10   0.00597861139568 
412.0   35.0   0.0   0.0   0.0 
412.0   70.0   0.0   0.0   4.51372272892e-12 
412.0   105.0   8.16013923099e-14   0.0   2.68267490444e-08 
412.0   140.0   0.0   0.0   0.0 
412.0   175.0   0.0   0.0   0.0 
412.0   210.0   0.0   0.0   0.0 
412.0   245.0   0.0   0.0   0.0 
412.0   280.0   0.0   0.0   0.0 
412.0   315.0   0.0   0.0   0.0 
412.0   350.0   0.0   0.0   0.0 
412.0   385.0   0.0   0.0   0.0 
412.0   420.0   0.0   0.0   0.0 
412.0   455.0   0.0   0.0   0.0 
412.0   490.0   0.0   0.0   0.0 
412.0   525.0   0.0   0.0   0.0 
412.0   560.0   0.0   0.0   0.0 
412.0   595.0   0.0   0.0   0.0 
412.0   630.0   0.0   0.0   0.0 
412.0   665.0   0.0   0.0   0.0 
412.0   700.0   0.0   0.0   0.0 
447.0   0.0   6.73470168522e-10   1.7763568394e-15   3.35266714746e-06 
447.0   35.0   2.06856753948e-12   0.0   6.49509922512e-08 
447.0   70.0   2.35749597621e-09   7.77156117238e-15   9.80411940177e-06 
447.0   105.0   4.63271420115e-08   1.39144251676e-12   3.56444091922e-05 
447.0   140.0   3.88254407735e-07   2.36825004052e-11   0.00016122342072 
447.0   175.0   0.0   0.0   1.88737914186e-15 
447.0   210.0   0.0   0.0   0.0 
447.0   245.0   0.0   0.0   0.0 
447.0   280.0   0.0   0.0   0.0 
447.0   315.0   0.0   0.0   0.0 
447.0   350.0   0.0   0.0   0.0 
447.0   385.0   0.0   0.0   0.0 
447.0   420.0   0.0   0.0   0.0 
447.0   455.0   0.0   0.0   0.0 
447.0   490.0   0.0   0.0   0.0 
447.0   525.0   0.0   0.0   0.0 
447.0   560.0   0.0   0.0   0.0 
447.0   595.0   0.0   0.0   0.0 
447.0   630.0   0.0   0.0   0.0 
447.0   665.0   0.0   0.0   0.0 
447.0   700.0   0.0   0.0   0.0 
482.0   0.0   1.25285875563e-07   1.15568665748e-11   6.99810506863e-05 
482.0   35.0   0.000131853988916   2.45666756826e-07   0.0063493284206 
482.0   70.0   1.25285875563e-07   1.15568665748e-11   6.99810506863e-05 
482.0   105.0   3.56274898028e-07   4.69744243503e-11   0.000146173389355 
482.0   140.0   1.72789560438e-10   1.99840144433e-15   5.90610149787e-07 
482.0   175.0   4.95695692586e-05   4.17513775774e-08   0.00425265788497 
482.0   210.0   4.95206853302e-09   1.60316204756e-13   6.90253394731e-06 
482.0   245.0   0.0   0.0   0.0 
482.0   280.0   0.0   0.0   0.0 
482.0   315.0   0.0   0.0   0.0 
482.0   350.0   0.0   0.0   0.0 
482.0   385.0   0.0   0.0   0.0 
482.0   420.0   0.0   0.0   0.0 
482.0   455.0   0.0   0.0   0.0 
482.0   490.0   0.0   0.0   0.0 
482.0   525.0   0.0   0.0   0.0 
482.0   560.0   0.0   0.0   0.0 
482.0   595.0   0.0   0.0   0.0 
482.0   630.0   0.0   0.0   0.0 
482.0   665.0   0.0   0.0   0.0 
482.0   700.0   0.0   0.0   0.0 
517.0   0.0   0.0324040272036   0.00138500150311   0.193434143672 
517.0   35.0   0.000168439871387   6.82453928258e-07   0.00636615090266 
517.0   70.0   3.82164072898e-06   4.05390176983e-09   0.000449509525794 
517.0   105.0   1.4613776409e-06   2.70748046205e-09   0.000123371022716 
517.0   140.0   5.24398146947e-05   2.72315289873e-07   0.00178939942725 
517.0   175.0   0.000956195643524   7.74269606107e-06   0.0205050612299 
517.0   210.0   0.000304390025638   1.55091510801e-06   0.00952005318463 
517.0   245.0   4.97665787931e-05   1.2813919914e-07   0.00274783630485 
517.0   280.0   0.0   0.0   0.0 
517.0   315.0   0.0   0.0   0.0 
517.0   350.0   0.0   0.0   0.0 
517.0   385.0   0.0   0.0   0.0 
517.0   420.0   0.0   0.0   0.0 
517.0   455.0   0.0   0.0   0.0 
517.0   490.0   0.0   0.0   0.0 
517.0   525.0   0.0   0.0   0.0 
517.0   560.0   0.0   0.0   0.0 
517.0   595.0   0.0   0.0   0.0 
517.0   630.0   0.0   0.0   0.0 
517.0   665.0   0.0   0.0   0.0 
517.0   700.0   0.0   0.0   0.0 
552.0   0.0   0.0595186467236   0.00570345342234   0.241310513829 
552.0   35.0   0.0114943570515   0.00069467390332   0.0695830877859 
552.0   70.0   0.00015745283064   1.36481207758e-06   0.00434542679644 
552.0   105.0   0.000519815159634   6.83595947548e-06   0.0101025803009 
552.0   140.0   1.92936592555e-05   8.44007449485e-08   0.000956981730632 
552.0   175.0   0.00477207923823   0.000146286776783   0.0464157158558 
552.0   210.0   0.000764781553   1.15683928851e-05   0.0132298103292 
552.0   245.0   0.00335565721482   8.9247341077e-05   0.0365815256534 
552.0   280.0   0.0131053357799   0.000616043088298   0.0909825162924 
552.0   315.0   0.0   0.0   0.0 
552.0   350.0   0.0   0.0   0.0 
552.0   385.0   0.0   0.0   0.0 
552.0   420.0   0.0   0.0   0.0 
552.0   455.0   0.0   0.0   0.0 
552.0   490.0   0.0   0.0   0.0 
552.0   525.0   0.0   0.0   0.0 
552.0   560.0   0.0   0.0   0.0 
552.0   595.0   0.0   0.0   0.0 
552.0   630.0   0.0   0.0   0.0 
552.0   665.0   0.0   0.0   0.0 
552.0   700.0   0.0   0.0   0.0 
587.0   0.0   0.175262963049   0.0397563205394   0.43024365486 
587.0   35.0   0.105321099199   0.0185967341086   0.309995015895 
587.0   70.0   0.00350508996882   0.000154565443497   0.0306579746063 
587.0   105.0   0.011353089964   0.000775086939902   0.0695701080524 
587.0   140.0   0.00446604529967   0.000214923697505   0.0363532124717 
587.0   175.0   0.00904162431783   0.00056561433275   0.0594451171295 
587.0   210.0   0.011353089964   0.000775086939902   0.0695701080524 
587.0   245.0   0.000992635684325   2.83120447006e-05   0.0124886315403 
587.0   280.0   0.0176912161585   0.00143826565571   0.0943131477675 
587.0   315.0   0.0176912161585   0.00143826565571   0.0943131477675 
587.0   350.0   0.0   0.0   0.0 
587.0   385.0   0.0   0.0   0.0 
587.0   420.0   0.0   0.0   0.0 
587.0   455.0   0.0   0.0   0.0 
587.0   490.0   0.0   0.0   0.0 
587.0   525.0   0.0   0.0   0.0 
587.0   560.0   0.0   0.0   0.0 
587.0   595.0   0.0   0.0   0.0 
587.0   630.0   0.0   0.0   0.0 
587.0   665.0   0.0   0.0   0.0 
587.0   700.0   0.0   0.0   0.0 
622.0   0.0   0.290924301778   0.1025557727   0.558336472404 
622.0   35.0   0.00907058617727   0.00114309624989   0.0393427966209 
622.0   70.0   0.00697875495242   0.000816326871271   0.0322804513391 
622.0   105.0   0.0310355293862   0.00423466621827   0.122493283086 
622.0   140.0   0.0924790897199   0.0194753566282   0.259911407731 
622.0   175.0   0.0146180561763   0.00151301899035   0.0721161989251 
622.0   210.0   0.0475375004222   0.00764397611036   0.164723272333 
622.0   245.0   0.0475375004222   0.00764397611036   0.164723272333 
622.0   280.0   0.054555663659   0.00926287969717   0.181143069877 
622.0   315.0   0.262497718962   0.088065955164   0.521955360721 
622.0   350.0   0.290924301778   0.1025557727   0.558336472404 
622.0   385.0   0.0   0.0   0.0 
622.0   420.0   0.0   0.0   0.0 
622.0   455.0   0.0   0.0   0.0 
622.0   490.0   0.0   0.0   0.0 
622.0   525.0   0.0   0.0   0.0 
622.0   560.0   0.0   0.0   0.0 
622.0   595.0   0.0   0.0   0.0 
622.0   630.0   0.0   0.0   0.0 
622.0   665.0   0.0   0.0   0.0 
622.0   700.0   0.0   0.0   0.0 
657.0   0.0   0.416149207475   0.196433990265   0.675853832229 
657.0   35.0   0.0492979001777   0.0129391720971   0.125424804554 
657.0   70.0   0.00556765429485   0.00080308202035   0.0237326740546 
657.0   105.0   0.134024220181   0.0391304731654   0.311608791918 
657.0   140.0   0.000974830614825   9.25211026319e-05   0.00602654764253 
657.0   175.0   0.000974830614825   9.25211026319e-05   0.00602654764253 
657.0   210.0   0.00672462706753   0.0010175834134   0.0274826205781 
657.0   245.0   0.0942146252738   0.0239954433361   0.243645241526 
657.0   280.0   0.0589924562755   0.0126232113033   0.175138705788 
657.0   315.0   0.472631662481   0.236643082909   0.735954318043 
657.0   350.0   0.389647112426   0.178485997056   0.646634428365 
657.0   385.0   0.416149207475   0.196433990265   0.675853832229 
657.0   420.0   0.0   0.0   0.0 
657.0   455.0   0.0   0.0   0.0 
657.0   490.0   0.0   0.0   0.0 
657.0   525.0   0.0   0.0   0.0 
657.0   560.0   0.0   0.0   0.0 
657.0   595.0   0.0   0.0   0.0 
657.0   630.0   0.0   0.0   0.0 
657.0   665.0   0.0   0.0   0.0 
657.0   700.0   0.0   0.0   0.0 
692.0   0.0   0.574819924965   0.387827900059   0.752655802355 
692.0   35.0   0.0612361553253   0.0201597349113   0.136750265099 
692.0   70.0   0.0371981204494   0.0106810763572   0.0933681410094 
692.0   105.0   0.381693686462   0.190074269755   0.613968995762 
692.0   140.0   0.151411747573   0.0527945374149   0.320247060172 
692.0   175.0   0.180898926008   0.0673527051084   0.363425680838 
692.0   210.0   0.400414139563   0.203349037571   0.634727617851 
692.0   245.0   0.202984653405   0.0789091284307   0.394317676313 
692.0   280.0   0.0222828919319   0.00559650098959   0.0628061466352 
692.0   315.0   0.381693686462   0.190074269755   0.613968995762 
692.0   350.0   0.595572607715   0.357866815682   0.834711678113 
692.0   385.0   0.832541474319   0.581522256979   0.950950584205 
692.0   420.0   0.439668111265   0.232100613433   0.677227226103 
692.0   455.0   0.0   0.0   0.0 
692.0   490.0   0.0   0.0   0.0 
692.0   525.0   0.0   0.0   0.0 
692.0   560.0   0.0   0.0   0.0 
692.0   595.0   0.0   0.0   0.0 
692.0   630.0   0.0   0.0   0.0 
692.0   665.0   0.0   0.0   0.0 
692.0   700.0   0.0   0.0   0.0 
727.0   0.0   0.248493875984   0.13778557363   0.373982689746 
727.0   35.0   0.753271261681   0.526467450149   0.961549293388 
727.0   70.0   0.773160943228   0.546196006235   0.979288670626 
727.0   105.0   0.0705902124158   0.0273565257872   0.143296579083 
727.0   140.0   0.854581136131   0.629363236978   0.949561377259 
727.0   175.0   0.0539557758562   0.0195080855047   0.116273880062 
727.0   210.0   0.0918885318335   0.0381971478331   0.175691284119 
727.0   245.0   0.753271261681   0.526467450149   0.961549293388 
727.0   280.0   0.533568006444   0.32481448939   0.754161395924 
727.0   315.0   0.439275906491   0.248104080298   0.65700370831 
727.0   350.0   0.854581136131   0.629363236978   0.949561377259 
727.0   385.0   0.657163208755   0.434501517561   0.87360456968 
727.0   420.0   0.73359062584   0.507178035834   0.943847942465 
727.0   455.0   0.854581136131   0.629363236978   0.949561377259 
727.0   490.0   0.0   0.0   0.0 
727.0   525.0   0.0   0.0   0.0 
727.0   560.0   0.0   0.0   0.0 
727.0   595.0   0.0   0.0   0.0 
727.0   630.0   0.0   0.0   0.0 
727.0   665.0   0.0   0.0   0.0 
727.0   700.0   0.0   0.0   0.0 
762.0   0.0   0.888867640746   0.749134287676   0.994605907118 
762.0   35.0   0.181989105484   0.0991472253868   0.285002488057 
762.0   70.0   0.939529537079   0.876953795442   0.790940001191 
762.0   105.0   0.887671050031   0.685150540924   0.935693650659 
762.0   140.0   0.7815826417   0.574754977376   0.971337443181 
762.0   175.0   0.0977786679761   0.0453079404877   0.175722073173 
762.0   210.0   0.125925350263   0.0622294284623   0.214164076221 
762.0   245.0   0.548053826611   0.353582270171   0.751985361452 
762.0   280.0   0.511337645012   0.321786768689   0.715156862121 
762.0   315.0   0.737597882942   0.530728938907   0.931708069166 
762.0   350.0   0.752146549444   0.545175003525   0.944891995289 
762.0   385.0   0.826515012925   0.620797972538   0.988857743947 
762.0   420.0   0.891980543064   0.932188348375   0.752339427315 
762.0   455.0   0.887671050031   0.685150540924   0.935693650659 
762.0   490.0   0.23071644185   0.134222332148   0.342067591679 
762.0   525.0   0.0   0.0   0.0 
762.0   560.0   0.0   0.0   0.0 
762.0   595.0   0.0   0.0   0.0 
762.0   630.0   0.0   0.0   0.0 
762.0   665.0   0.0   0.0   0.0 
762.0   700.0   0.0   0.0   0.0 
797.0   0.0   0.945032205892   0.953232084122   0.863861572615 
797.0   35.0   0.384623962817   0.272150982413   0.493795264783 
797.0   70.0   0.892858130043   0.947904506267   0.763058456745 
797.0   105.0   0.907173740395   0.723417607718   0.931084993283 
797.0   140.0   0.222635299677   0.135904224456   0.323109952291 
797.0   175.0   0.838372235177   0.650240821279   0.991147209625 
797.0   210.0   0.872585158304   0.686356172309   0.961117902949 
797.0   245.0   0.907173740395   0.723417607718   0.931084993283 
797.0   280.0   0.804594241938   0.615127104995   0.978872405692 
797.0   315.0   0.749415080731   0.558958318217   0.929134501576 
797.0   350.0   0.907173740395   0.723417607718   0.931084993283 
797.0   385.0   0.963818016886   0.866318630324   0.821678216439 
797.0   420.0   0.95199446112   0.879770141096   0.811839317908 
797.0   455.0   0.892858130043   0.947904506267   0.763058456745 
797.0   490.0   0.288207709251   0.188312062916   0.395109200782 
797.0   525.0   0.95199446112   0.879770141096   0.811839317908 
797.0   560.0   0.0   0.0   0.0 
797.0   595.0   0.0   0.0   0.0 
797.0   630.0   0.0   0.0   0.0 
797.0   665.0   0.0   0.0   0.0 
797.0   700.0   0.0   0.0   0.0 
832.0   0.0   0.544385567848   0.438791202383   0.635448662848 
832.0   35.0   0.395182412161   0.29206305093   0.495212992069 
832.0   70.0   0.762562359984   0.884591046709   0.665073732568 
832.0   105.0   0.859270608086   0.999176859198   0.743939832188 
832.0   140.0   0.868139838944   0.990472267526   0.751249066306 
832.0   175.0   0.930384420417   0.91861033486   0.802937131639 
832.0   210.0   0.919193718866   0.750925105702   0.931022452001 
832.0   245.0   0.209594931955   0.132261030292   0.300138244248 
832.0   280.0   0.308965937423   0.214358439089   0.40816041584 
832.0   315.0   0.921483165247   0.928801771281   0.795502169294 
832.0   350.0   0.8770170627   0.980139465847   0.758578454173 
832.0   385.0   0.927945785775   0.760437726914   0.923433384817 
832.0   420.0   0.894790924598   0.959534433212   0.773294780083 
832.0   455.0   0.328899667912   0.231823937448   0.428762060116 
832.0   490.0   0.745215739844   0.863715026532   0.651079785284 
832.0   525.0   0.685309139617   0.790899457205   0.603083046759 
832.0   560.0   0.643436587272   0.739359784161   0.569829694267 
832.0   595.0   0.0   0.0   0.0 
832.0   630.0   0.0   0.0   0.0 
832.0   665.0   0.0   0.0   0.0 
832.0   700.0   0.0   0.0   0.0 
867.0   0.0   0.584436762311   0.490873981983   0.664403798972 
867.0   35.0   0.561305528748   0.629351949843   0.509213802858 
867.0   70.0   0.536864903706   0.441105001723   0.621433464632 
867.0   105.0   0.672702898246   0.766178037253   0.59830258088 
867.0   140.0   0.412092820463   0.316856735398   0.504055811127 
867.0   175.0   0.393759122036   0.299415953967   0.486149207666 
867.0   210.0   0.823567283828   0.946237612243   0.721457135079 
867.0   245.0   0.359075447088   0.267033517169   0.45173667148 
867.0   280.0   0.816877759344   0.938391306411   0.715929482578 
867.0   315.0   0.877326529709   0.991202482801   0.76612845205 
867.0   350.0   0.823567283828   0.946237612243   0.721457135079 
867.0   385.0   0.830264722175   0.954079729357   0.72699803494 
867.0   420.0   0.402841837829   0.308028864665   0.495043883158 
867.0   455.0   0.431106576762   0.335173782182   0.522432501925 
867.0   490.0   0.737400595594   0.844171924684   0.650745187728 
867.0   525.0   0.750526611026   0.859856696913   0.661450726349 
867.0   560.0   0.628513404316   0.712276689838   0.562781187853 
867.0   595.0   0.679095012091   0.773933331279   0.603460517668 
867.0   630.0   0.0   0.0   0.0 
867.0   665.0   0.0   0.0   0.0 
867.0   700.0   0.0   0.0   0.0 
902.0   0.0   0.50027777974   0.54793830737   0.463797185808 
902.0   35.0   0.513375742968   0.564165669366   0.474233989126 
902.0   70.0   0.623776837301   0.541635561838   0.693570577142 
902.0   105.0   0.666672861058   0.751209230611   0.597953071049 
902.0   140.0   0.652124880796   0.733680608696   0.586100839729 
902.0   175.0   0.691143251701   0.780584296223   0.617941755748 
902.0   210.0   0.642485493321   0.72204011138   0.578260306034 
902.0   245.0   0.464577254909   0.376020834652   0.547818892076 
902.0   280.0   0.398045275702   0.31091612   0.483759807576 
902.0   315.0   0.715871262802   0.81012659935   0.638209675538 
902.0   350.0   0.666672861058   0.751209230611   0.597953071049 
902.0   385.0   0.488613690771   0.400166270475   0.570458129084 
902.0   420.0   0.750873608705   0.851691533989   0.667021715086 
902.0   455.0   0.671545100435   0.757068993393   0.601927666113 
902.0   490.0   0.632895347944   0.710438603862   0.570469770745 
902.0   525.0   0.609145504079   0.681620740538   0.551219125187 
902.0   560.0   0.562691123625   0.624899891607   0.513741894424 
902.0   595.0   0.654033162655   0.57454695953   0.720279457652 
902.0   630.0   0.57186426766   0.636137291442   0.521123402916 
902.0   665.0   0.0   0.0   0.0 
902.0   700.0   0.0   0.0   0.0 
937.0   0.0   0.494001927721   0.535957106834   0.461119900825 
937.0   35.0   0.484112652394   0.523820558013   0.453158086935 
937.0   70.0   0.548296171206   0.602216254517   0.505063198504 
937.0   105.0   0.571405577885   0.493061254502   0.641314482258 
937.0   140.0   0.594192711045   0.657784491646   0.542457123981 
937.0   175.0   0.491137667532   0.409793754264   0.567190499486 
937.0   210.0   0.597784119235   0.662116158859   0.545391798168 
937.0   245.0   0.61223193088   0.679517517074   0.557210002356 
937.0   280.0   0.69004570993   0.772544907969   0.621206092813 
937.0   315.0   0.619503979802   0.688261286214   0.563165966896 
937.0   350.0   0.630470332459   0.701427972704   0.572157142572 
937.0   385.0   0.674990760074   0.754640551369   0.608778024667 
937.0   420.0   0.594192711045   0.657784491646   0.542457123981 
937.0   455.0   0.619503979802   0.688261286214   0.563165966896 
937.0   490.0   0.626807224892   0.697032443173   0.569152533342 
937.0   525.0   0.604991754567   0.670802144085   0.551285119258 
937.0   560.0   0.652604304788   0.727932262566   0.590339589002 
937.0   595.0   0.494001927721   0.535957106834   0.461119900825 
937.0   630.0   0.534485764154   0.585418212214   0.493852968744 
937.0   665.0   0.572823108661   0.63196051632   0.525020710231 
937.0   700.0   0.0   0.0   0.0 
972.0   0.0   0.694300592354   0.719408911945   0.674470591846 
972.0   35.0   0.724152044385   0.755115120514   0.699058874384 
972.0   70.0   0.70956511075   0.649259293801   0.760275017984 
972.0   105.0   0.729451803685   0.671419221686   0.777701606001 
972.0   140.0   0.532308338805   0.578738014401   0.494476942122 
972.0   175.0   0.640724482179   0.573625683095   0.699289592066 
972.0   210.0   0.516536219142   0.559704120165   0.481561560175 
972.0   245.0   0.583596094813   0.640351797832   0.536632126604 
972.0   280.0   0.59187006719   0.650252017413   0.543453826624 
972.0   315.0   0.556355761602   0.607679705573   0.514213793238 
972.0   350.0   0.616959446945   0.680204592458   0.564174326176 
972.0   385.0   0.59187006719   0.650252017413   0.543453826624 
972.0   420.0   0.611350243542   0.673517103549   0.559537306528 
972.0   455.0   0.580848334397   0.637061525874   0.534367925469 
972.0   490.0   0.580848334397   0.637061525874   0.534367925469 
972.0   525.0   0.575368379321   0.630495999859   0.529854238466 
972.0   560.0   0.537612460138   0.585129745781   0.498825755867 
972.0   595.0   0.506140894013   0.547135595735   0.473063104911 
972.0   630.0   0.516536219142   0.559704120165   0.481561560175 
972.0   665.0   0.736201362659   0.678969545823   0.783599189739 
972.0   700.0   0.652802609738   0.586768494124   0.710070480727 
