260.0   100.0   0.755297190312   0.0   0.0 
260.0   185.0   0.0   0.0   0.0 
260.0   270.0   0.0   0.0   0.0 
260.0   355.0   0.0   0.0   0.0 
260.0   440.0   0.0   0.0   0.0 
260.0   525.0   0.0   0.0   0.0 
260.0   610.0   0.0   0.0   0.0 
260.0   695.0   0.0   0.0   0.0 
260.0   780.0   0.0   0.0   0.0 
260.0   865.0   0.0   0.0   0.0 
260.0   950.0   0.0   0.0   0.0 
260.0   1035.0   0.0   0.0   0.0 
260.0   1120.0   0.0   0.0   0.0 
260.0   1205.0   0.0   0.0   0.0 
260.0   1290.0   0.0   0.0   0.0 
260.0   1375.0   0.0   0.0   0.0 
260.0   1460.0   0.0   0.0   0.0 
260.0   1545.0   0.0   0.0   0.0 
260.0   1630.0   0.0   0.0   0.0 
260.0   1715.0   0.0   0.0   0.0 
260.0   1800.0   0.0   0.0   0.0 
345.0   100.0   0.755297190312   0.0   0.0 
345.0   185.0   0.755297190312   0.0   0.0 
345.0   270.0   0.0   0.0   0.0 
345.0   355.0   0.0   0.0   0.0 
345.0   440.0   0.0   0.0   0.0 
345.0   525.0   0.0   0.0   0.0 
345.0   610.0   0.0   0.0   0.0 
345.0   695.0   0.0   0.0   0.0 
345.0   780.0   0.0   0.0   0.0 
345.0   865.0   0.0   0.0   0.0 
345.0   950.0   0.0   0.0   0.0 
345.0   1035.0   0.0   0.0   0.0 
345.0   1120.0   0.0   0.0   0.0 
345.0   1205.0   0.0   0.0   0.0 
345.0   1290.0   0.0   0.0   0.0 
345.0   1375.0   0.0   0.0   0.0 
345.0   1460.0   0.0   0.0   0.0 
345.0   1545.0   0.0   0.0   0.0 
345.0   1630.0   0.0   0.0   0.0 
345.0   1715.0   0.0   0.0   0.0 
345.0   1800.0   0.0   0.0   0.0 
430.0   100.0   0.755297190312   0.0   0.0 
430.0   185.0   0.755297190312   0.0   0.0 
430.0   270.0   0.755297190312   0.0   0.0 
430.0   355.0   0.0   0.0   0.0 
430.0   440.0   0.0   0.0   0.0 
430.0   525.0   0.0   0.0   0.0 
430.0   610.0   0.0   0.0   0.0 
430.0   695.0   0.0   0.0   0.0 
430.0   780.0   0.0   0.0   0.0 
430.0   865.0   0.0   0.0   0.0 
430.0   950.0   0.0   0.0   0.0 
430.0   1035.0   0.0   0.0   0.0 
430.0   1120.0   0.0   0.0   0.0 
430.0   1205.0   0.0   0.0   0.0 
430.0   1290.0   0.0   0.0   0.0 
430.0   1375.0   0.0   0.0   0.0 
430.0   1460.0   0.0   0.0   0.0 
430.0   1545.0   0.0   0.0   0.0 
430.0   1630.0   0.0   0.0   0.0 
430.0   1715.0   0.0   0.0   0.0 
430.0   1800.0   0.0   0.0   0.0 
515.0   100.0   0.0   0.0   0.0 
515.0   185.0   0.755297190312   0.0   0.0 
515.0   270.0   0.755297190312   0.0   0.0 
515.0   355.0   0.755297190312   0.0   0.0 
515.0   440.0   0.0   0.0   0.0 
515.0   525.0   0.0   0.0   0.0 
515.0   610.0   0.0   0.0   0.0 
515.0   695.0   0.0   0.0   0.0 
515.0   780.0   0.0   0.0   0.0 
515.0   865.0   0.0   0.0   0.0 
515.0   950.0   0.0   0.0   0.0 
515.0   1035.0   0.0   0.0   0.0 
515.0   1120.0   0.0   0.0   0.0 
515.0   1205.0   0.0   0.0   0.0 
515.0   1290.0   0.0   0.0   0.0 
515.0   1375.0   0.0   0.0   0.0 
515.0   1460.0   0.0   0.0   0.0 
515.0   1545.0   0.0   0.0   0.0 
515.0   1630.0   0.0   0.0   0.0 
515.0   1715.0   0.0   0.0   0.0 
515.0   1800.0   0.0   0.0   0.0 
600.0   100.0   0.0   0.0   0.0 
600.0   185.0   0.0   0.0   0.0 
600.0   270.0   0.755297190312   0.0   0.0 
600.0   355.0   0.755297190312   0.0   0.0 
600.0   440.0   0.755297190312   0.0   0.0 
600.0   525.0   0.0   0.0   0.0 
600.0   610.0   0.0   0.0   0.0 
600.0   695.0   0.0   0.0   0.0 
600.0   780.0   0.0   0.0   0.0 
600.0   865.0   0.0   0.0   0.0 
600.0   950.0   0.0   0.0   0.0 
600.0   1035.0   0.0   0.0   0.0 
600.0   1120.0   0.0   0.0   0.0 
600.0   1205.0   0.0   0.0   0.0 
600.0   1290.0   0.0   0.0   0.0 
600.0   1375.0   0.0   0.0   0.0 
600.0   1460.0   0.0   0.0   0.0 
600.0   1545.0   0.0   0.0   0.0 
600.0   1630.0   0.0   0.0   0.0 
600.0   1715.0   0.0   0.0   0.0 
600.0   1800.0   0.0   0.0   0.0 
685.0   100.0   0.0   0.0   0.0 
685.0   185.0   0.0   0.0   0.0 
685.0   270.0   0.0   0.0   0.0 
685.0   355.0   0.755297190312   0.0   0.0 
685.0   440.0   0.755297190312   0.0   0.0 
685.0   525.0   0.755297190312   0.0   0.0 
685.0   610.0   0.0   0.0   0.0 
685.0   695.0   0.0   0.0   0.0 
685.0   780.0   0.0   0.0   0.0 
685.0   865.0   0.0   0.0   0.0 
685.0   950.0   0.0   0.0   0.0 
685.0   1035.0   0.0   0.0   0.0 
685.0   1120.0   0.0   0.0   0.0 
685.0   1205.0   0.0   0.0   0.0 
685.0   1290.0   0.0   0.0   0.0 
685.0   1375.0   0.0   0.0   0.0 
685.0   1460.0   0.0   0.0   0.0 
685.0   1545.0   0.0   0.0   0.0 
685.0   1630.0   0.0   0.0   0.0 
685.0   1715.0   0.0   0.0   0.0 
685.0   1800.0   0.0   0.0   0.0 
770.0   100.0   0.0   0.0   0.0 
770.0   185.0   0.0   0.0   0.0 
770.0   270.0   0.0   0.0   0.0 
770.0   355.0   0.0   0.0   0.0 
770.0   440.0   0.755297190312   0.0   0.0 
770.0   525.0   0.755297190312   0.0   0.0 
770.0   610.0   0.755297190312   0.0   0.0 
770.0   695.0   0.0   0.0   0.0 
770.0   780.0   0.0   0.0   0.0 
770.0   865.0   0.0   0.0   0.0 
770.0   950.0   0.0   0.0   0.0 
770.0   1035.0   0.0   0.0   0.0 
770.0   1120.0   0.0   0.0   0.0 
770.0   1205.0   0.0   0.0   0.0 
770.0   1290.0   0.0   0.0   0.0 
770.0   1375.0   0.0   0.0   0.0 
770.0   1460.0   0.0   0.0   0.0 
770.0   1545.0   0.0   0.0   0.0 
770.0   1630.0   0.0   0.0   0.0 
770.0   1715.0   0.0   0.0   0.0 
770.0   1800.0   0.0   0.0   0.0 
855.0   100.0   0.0   0.0   0.0 
855.0   185.0   0.0   0.0   0.0 
855.0   270.0   0.0   0.0   0.0 
855.0   355.0   0.0   0.0   0.0 
855.0   440.0   0.0   0.0   0.0 
855.0   525.0   0.755297190312   0.0   0.0 
855.0   610.0   0.755297190312   0.0   0.0 
855.0   695.0   0.755297190312   0.0   0.0 
855.0   780.0   0.0   0.0   0.0 
855.0   865.0   0.0   0.0   0.0 
855.0   950.0   0.0   0.0   0.0 
855.0   1035.0   0.0   0.0   0.0 
855.0   1120.0   0.0   0.0   0.0 
855.0   1205.0   0.0   0.0   0.0 
855.0   1290.0   0.0   0.0   0.0 
855.0   1375.0   0.0   0.0   0.0 
855.0   1460.0   0.0   0.0   0.0 
855.0   1545.0   0.0   0.0   0.0 
855.0   1630.0   0.0   0.0   0.0 
855.0   1715.0   0.0   0.0   0.0 
855.0   1800.0   0.0   0.0   0.0 
940.0   100.0   0.0   0.0   0.0 
940.0   185.0   0.0   0.0   0.0 
940.0   270.0   0.0   0.0   0.0 
940.0   355.0   0.0   0.0   0.0 
940.0   440.0   0.0   0.0   0.0 
940.0   525.0   0.0   0.0   0.0 
940.0   610.0   0.755297190312   0.0   0.0010537979909 
940.0   695.0   0.755297190312   0.0   0.0010537979909 
940.0   780.0   0.755297190312   0.0   0.0010537979909 
940.0   865.0   0.0   0.0   0.0 
940.0   950.0   0.0   0.0   0.0 
940.0   1035.0   0.0   0.0   0.0 
940.0   1120.0   0.0   0.0   0.0 
940.0   1205.0   0.0   0.0   0.0 
940.0   1290.0   0.0   0.0   0.0 
940.0   1375.0   0.0   0.0   0.0 
940.0   1460.0   0.0   0.0   0.0 
940.0   1545.0   0.0   0.0   0.0 
940.0   1630.0   0.0   0.0   0.0 
940.0   1715.0   0.0   0.0   0.0 
940.0   1800.0   0.0   0.0   0.0 
1025.0   100.0   0.0   0.0   0.0 
1025.0   185.0   0.0   0.0   0.0 
1025.0   270.0   0.0   0.0   0.0 
1025.0   355.0   0.0   0.0   0.0 
1025.0   440.0   0.0   0.0   0.0 
1025.0   525.0   0.0   0.0   1.11022302463e-16 
1025.0   610.0   0.0   0.0   5.38458166943e-14 
1025.0   695.0   0.755297190312   0.0   5.9615405712e-07 
1025.0   780.0   0.755297190312   0.0   5.9615405712e-07 
1025.0   865.0   0.755297190312   0.0   5.9615405712e-07 
1025.0   950.0   0.0   0.0   0.0 
1025.0   1035.0   0.0   0.0   0.0 
1025.0   1120.0   0.0   0.0   0.0 
1025.0   1205.0   0.0   0.0   0.0 
1025.0   1290.0   0.0   0.0   0.0 
1025.0   1375.0   0.0   0.0   0.0 
1025.0   1460.0   0.0   0.0   0.0 
1025.0   1545.0   0.0   0.0   0.0 
1025.0   1630.0   0.0   0.0   0.0 
1025.0   1715.0   0.0   0.0   0.0 
1025.0   1800.0   0.0   0.0   0.0 
1110.0   100.0   1.52322598979e-13   1.11022302463e-16   6.86186663046e-11 
1110.0   185.0   1.90958360236e-14   0.0   1.19093623852e-11 
1110.0   270.0   1.35447209004e-14   0.0   8.88544793298e-12 
1110.0   355.0   3.33066907388e-15   0.0   2.7455815399e-12 
1110.0   440.0   1.22124532709e-15   0.0   1.13464793117e-12 
1110.0   525.0   1.07802655691e-13   1.11022302463e-16   5.12880848902e-11 
1110.0   610.0   1.87191373513e-11   3.18634008067e-14   3.89555177005e-09 
1110.0   695.0   9.44444522588e-12   1.42108547152e-14   2.19757556597e-09 
1110.0   780.0   0.755297190312   0.0   0.0197596185072 
1110.0   865.0   0.755297190312   0.0   0.0197596185072 
1110.0   950.0   0.755297190312   0.0   0.0197596185072 
1110.0   1035.0   0.0   0.0   0.0 
1110.0   1120.0   0.0   0.0   0.0 
1110.0   1205.0   0.0   0.0   0.0 
1110.0   1290.0   0.0   0.0   0.0 
1110.0   1375.0   0.0   0.0   0.0 
1110.0   1460.0   0.0   0.0   0.0 
1110.0   1545.0   0.0   0.0   0.0 
1110.0   1630.0   0.0   0.0   0.0 
1110.0   1715.0   0.0   0.0   0.0 
1110.0   1800.0   0.0   0.0   0.0 
1195.0   100.0   1.90025156721e-08   2.51275333873e-10   7.47428780756e-07 
1195.0   185.0   7.04997282774e-10   5.35937960677e-12   4.65506553304e-08 
1195.0   270.0   8.56690163253e-10   6.72539801627e-12   5.48864146355e-08 
1195.0   355.0   4.96464402922e-08   7.74918795798e-10   1.67283681229e-06 
1195.0   440.0   1.90025156721e-08   2.51275333873e-10   7.47428780756e-07 
1195.0   525.0   8.81483558368e-08   1.52097456851e-09   2.70530812652e-06 
1195.0   610.0   6.01279090962e-08   9.70353020158e-10   1.96400096364e-06 
1195.0   695.0   8.60512473055e-07   2.23094877017e-08   1.80919303826e-05 
1195.0   780.0   5.89882747315e-07   1.42794351898e-08   1.32163277725e-05 
1195.0   865.0   0.755297190312   0.0   0.164482570186 
1195.0   950.0   0.755297190312   0.0   0.164482570186 
1195.0   1035.0   0.755297190312   0.0   0.164482570186 
1195.0   1120.0   0.0   0.0   0.0 
1195.0   1205.0   0.0   0.0   0.0 
1195.0   1290.0   0.0   0.0   0.0 
1195.0   1375.0   0.0   0.0   0.0 
1195.0   1460.0   0.0   0.0   0.0 
1195.0   1545.0   0.0   0.0   0.0 
1195.0   1630.0   0.0   0.0   0.0 
1195.0   1715.0   0.0   0.0   0.0 
1195.0   1800.0   0.0   0.0   0.0 
1280.0   100.0   5.65416097106e-05   4.96366256664e-06   0.000439013753112 
1280.0   185.0   3.30463610511e-05   2.63504081144e-06   0.000280552331917 
1280.0   270.0   7.00273758293e-05   6.39000039915e-06   0.000524569801261 
1280.0   355.0   4.09815166473e-05   3.39564047847e-06   0.000335731836115 
1280.0   440.0   5.8095142752e-06   3.42090981209e-07   6.5421767401e-05 
1280.0   525.0   8.99545571409e-06   5.71046412379e-07   9.44330038724e-05 
1280.0   610.0   1.92546399569e-05   1.39552856804e-06   0.000178644821277 
1280.0   695.0   0.000107237646486   1.05764664513e-05   0.000747520852019 
1280.0   780.0   0.000277324383581   3.2642432847e-05   0.0016419863484 
1280.0   865.0   0.00217489601787   0.000383437787927   0.00889699307763 
1280.0   950.0   0.755297190312   0.0   0.285464721517 
1280.0   1035.0   0.755297190312   0.0   0.285464721517 
1280.0   1120.0   0.755297190312   0.0   0.285464721517 
1280.0   1205.0   0.0   0.0   0.0 
1280.0   1290.0   0.0   0.0   0.0 
1280.0   1375.0   0.0   0.0   0.0 
1280.0   1460.0   0.0   0.0   0.0 
1280.0   1545.0   0.0   0.0   0.0 
1280.0   1630.0   0.0   0.0   0.0 
1280.0   1715.0   0.0   0.0   0.0 
1280.0   1800.0   0.0   0.0   0.0 
1365.0   100.0   0.0132510924957   0.00421681263894   0.0339367400068 
1365.0   185.0   0.00325310448931   0.000788130137914   0.0106864255343 
1365.0   270.0   0.00139758085583   0.000289774458264   0.00529984040395 
1365.0   355.0   0.00226951359548   0.000514198323734   0.0079296707638 
1365.0   440.0   0.00167726262394   0.000359492359614   0.00616838081968 
1365.0   525.0   0.00345320173516   0.000846039934118   0.0112274764629 
1365.0   610.0   0.00412809436213   0.00104606392143   0.0130127983128 
1365.0   695.0   0.00412809436213   0.00104606392143   0.0130127983128 
1365.0   780.0   0.00523035913694   0.00138655629389   0.0158196107125 
1365.0   865.0   0.00623962270543   0.00171128394147   0.0182947652264 
1365.0   950.0   0.0118164310786   0.00367466562514   0.0309008570092 
1365.0   1035.0   0.755297190312   7.86933632702e-08   0.609665992747 
1365.0   1120.0   0.755297190312   7.86933632702e-08   0.609665992747 
1365.0   1205.0   0.755297190312   7.86933632702e-08   0.609665992747 
1365.0   1290.0   0.0   0.0   0.0 
1365.0   1375.0   0.0   0.0   0.0 
1365.0   1460.0   0.0   0.0   0.0 
1365.0   1545.0   0.0   0.0   0.0 
1365.0   1630.0   0.0   0.0   0.0 
1365.0   1715.0   0.0   0.0   0.0 
1365.0   1800.0   0.0   0.0   0.0 
1450.0   100.0   0.0405567392761   0.0185067461101   0.0779770492827 
1450.0   185.0   0.0509954805377   0.0243491236073   0.0941152336068 
1450.0   270.0   0.0392414547062   0.0177912170126   0.0758908242259 
1450.0   355.0   0.0509954805377   0.0243491236073   0.0941152336068 
1450.0   440.0   0.0207476891   0.00832496055183   0.0448426856554 
1450.0   525.0   0.026299417404   0.011036750629   0.0545610792796 
1450.0   610.0   0.0200524970005   0.00799472582698   0.0435943751558 
1450.0   695.0   0.026299417404   0.011036750629   0.0545610792796 
1450.0   780.0   0.044756555719   0.020823397885   0.0845552466739 
1450.0   865.0   0.0332480280766   0.0145953831647   0.0662085933642 
1450.0   950.0   0.0580434853798   0.0284435387567   0.104648374957 
1450.0   1035.0   0.0850195566855   0.045051362697   0.142925670784 
1450.0   1120.0   0.755297190312   9.41187189296e-08   0.610192520515 
1450.0   1205.0   0.755297190312   9.41187189296e-08   0.610192520515 
1450.0   1290.0   0.755297190312   9.41187189296e-08   0.610192520515 
1450.0   1375.0   0.0   0.0   0.0 
1450.0   1460.0   0.0   0.0   0.0 
1450.0   1545.0   0.0   0.0   0.0 
1450.0   1630.0   0.0   0.0   0.0 
1450.0   1715.0   0.0   0.0   0.0 
1450.0   1800.0   0.0   0.0   0.0 
1535.0   100.0   0.174656058174   0.115418757495   0.246182518012 
1535.0   185.0   0.177837391765   0.117950517295   0.249855940212 
1535.0   270.0   0.140246123701   0.0887057603785   0.205556843132 
1535.0   355.0   0.177837391765   0.117950517295   0.249855940212 
1535.0   440.0   0.162430247938   0.105784046869   0.231942077367 
1535.0   525.0   0.148224736534   0.0947857539021   0.215132553596 
1535.0   610.0   0.120827557469   0.0742201637649   0.181800623856 
1535.0   695.0   0.130209907998   0.0811621796397   0.193362512962 
1535.0   780.0   0.127804448105   0.0793720148387   0.190413716724 
1535.0   865.0   0.112063077142   0.0678364132034   0.170846480042 
1535.0   950.0   0.159495512029   0.103494220724   0.228493365339 
1535.0   1035.0   0.162430247938   0.105784046869   0.231942077367 
1535.0   1120.0   0.244497704757   0.173135934034   0.324216192212 
1535.0   1205.0   0.755297190312   0.00511939469811   0.69609539957 
1535.0   1290.0   0.755297190312   0.00511939469811   0.69609539957 
1535.0   1375.0   0.755297190312   0.00511939469811   0.69609539957 
1535.0   1460.0   0.0   0.0   0.0 
1535.0   1545.0   0.0   0.0   0.0 
1535.0   1630.0   0.0   0.0   0.0 
1535.0   1715.0   0.0   0.0   0.0 
1535.0   1800.0   0.0   0.0   0.0 
1620.0   100.0   0.358806940025   0.285725729265   0.433626978672 
1620.0   185.0   0.373641361119   0.299939382482   0.448374030366 
1620.0   270.0   0.323829942165   0.25271826058   0.398391883052 
1620.0   355.0   0.320493677057   0.249608248505   0.394994924632 
1620.0   440.0   0.344459534768   0.272098703058   0.419255028404 
1620.0   525.0   0.276728728497   0.209466559071   0.349793196838 
1620.0   610.0   0.25136060617   0.186787849635   0.322994101837 
1620.0   695.0   0.30743423538   0.237501008456   0.381633846911 
1620.0   780.0   0.199831465603   0.142199268434   0.266951439764 
1620.0   865.0   0.273806394253   0.206831176471   0.346729790011 
1620.0   950.0   0.291740559138   0.223095116985   0.365437368495 
1620.0   1035.0   0.334012650085   0.26225243398   0.408719904521 
1620.0   1120.0   0.381244248305   0.307271938354   0.455889368526 
1620.0   1205.0   0.39682738633   0.322400087682   0.471205851389 
1620.0   1290.0   0.755297190312   0.00103154390203   0.68195321689 
1620.0   1375.0   0.755297190312   0.00103154390203   0.68195321689 
1620.0   1460.0   0.755297190312   0.00103154390203   0.68195321689 
1620.0   1545.0   0.0   0.0   0.0 
1620.0   1630.0   0.0   0.0   0.0 
1620.0   1715.0   0.0   0.0   0.0 
1620.0   1800.0   0.0   0.0   0.0 
1705.0   100.0   0.523663552238   0.459063524449   0.584894812931 
1705.0   185.0   0.493233225003   0.42758448821   0.556362495893 
1705.0   270.0   0.469901483194   0.403706984243   0.53428354413 
1705.0   355.0   0.493233225003   0.42758448821   0.556362495893 
1705.0   440.0   0.469901483194   0.403706984243   0.53428354413 
1705.0   525.0   0.467047208385   0.400801796239   0.531569869258 
1705.0   610.0   0.475651271017   0.409569924398   0.539741593871 
1705.0   695.0   0.415376759623   0.348833047818   0.481933315404 
1705.0   780.0   0.502213160057   0.436834890687   0.564812573137 
1705.0   865.0   0.487316841062   0.421508091364   0.550780938648 
1705.0   950.0   0.392555076246   0.326272619242   0.459678605328 
1705.0   1035.0   0.450207909811   0.383734096372   0.515501750686 
1705.0   1120.0   0.526785318028   0.462313819198   0.587805758083 
1705.0   1205.0   0.520556226529   0.455832080941   0.581994423828 
1705.0   1290.0   0.588905448178   0.527763649831   0.645155141193 
1705.0   1375.0   0.755297190312   0.070298512544   0.719686472034 
1705.0   1460.0   0.755297190312   0.070298512544   0.719686472034 
1705.0   1545.0   0.755297190312   0.070298512544   0.719686472034 
1705.0   1630.0   0.0   0.0   0.0 
1705.0   1715.0   0.0   0.0   0.0 
1705.0   1800.0   0.0   0.0   0.0 
1790.0   100.0   0.688175251409   0.64191474435   0.729928192983 
1790.0   185.0   0.58009206382   0.52541345966   0.631571697181 
1790.0   270.0   0.666294044942   0.618064802156   0.710197233295 
1790.0   355.0   0.612983415631   0.560506137378   0.661754934074 
1790.0   440.0   0.619734856735   0.567750281094   0.667921260544 
1790.0   525.0   0.638029796425   0.587447665618   0.684583452869 
1790.0   610.0   0.612983415631   0.560506137378   0.661754934074 
1790.0   695.0   0.60407237071   0.550965762861   0.65360127905 
1790.0   780.0   0.542462752955   0.485690575455   0.596728635879 
1790.0   865.0   0.558944257032   0.503031428717   0.612032811239 
1790.0   950.0   0.558944257032   0.503031428717   0.612032811239 
1790.0   1035.0   0.56103155266   0.505234036735   0.613966136112 
1790.0   1120.0   0.58009206382   0.52541345966   0.631571697181 
1790.0   1205.0   0.631119034456   0.579995724423   0.678297401006 
1790.0   1290.0   0.635719453458   0.58495487523   0.68248301347 
1790.0   1375.0   0.668695576218   0.620676292617   0.712366796711 
1790.0   1460.0   0.755297190312   0.599927766075   0.743567372066 
1790.0   1545.0   0.755297190312   0.599927766075   0.743567372066 
1790.0   1630.0   0.755297190312   0.599927766075   0.743567372066 
1790.0   1715.0   0.0   0.0   0.0 
1790.0   1800.0   0.0   0.0   0.0 
1875.0   100.0   0.805498773718   0.776176799167   0.831434532067 
1875.0   185.0   0.757036343425   0.722640286456   0.788011361537 
1875.0   270.0   0.758764687866   0.724544412749   0.789562496204 
1875.0   355.0   0.741675850394   0.705738188585   0.774214392103 
1875.0   440.0   0.763977052652   0.730289583219   0.794239000667 
1875.0   525.0   0.720059123273   0.682020525176   0.754758146912 
1875.0   610.0   0.718422282364   0.680228112457   0.753282775455 
1875.0   695.0   0.713533014214   0.674877233585   0.748873908739 
1875.0   780.0   0.720059123273   0.682020525176   0.754758146912 
1875.0   865.0   0.687971148089   0.646980774492   0.725773718505 
1875.0   950.0   0.654131974619   0.610271110091   0.695048339201 
1875.0   1035.0   0.708675082791   0.669565306361   0.744490390981 
1875.0   1120.0   0.703847832767   0.664291622275   0.740131594847 
1875.0   1205.0   0.675497702853   0.633418826818   0.71446847876 
1875.0   1290.0   0.694283001434   0.653856400568   0.731485898512 
1875.0   1375.0   0.753592982769   0.718848075735   0.784920316867 
1875.0   1460.0   0.762234983847   0.7283689997   0.792676259208 
1875.0   1545.0   0.755297190312   0.0478023978335   0.714957187743 
1875.0   1630.0   0.755297190312   0.0478023978335   0.714957187743 
1875.0   1715.0   0.755297190312   0.0478023978335   0.714957187743 
1875.0   1800.0   0.0   0.0   0.0 
1960.0   100.0   0.834415513479   0.811516406079   0.854950475132 
1960.0   185.0   0.825466313726   0.801658710474   0.846884554717 
1960.0   270.0   0.806885416783   0.781195646446   0.830143383325 
1960.0   355.0   0.798452408599   0.771913282414   0.822545577371 
1960.0   440.0   0.780812228223   0.752512784137   0.806647705827 
1960.0   525.0   0.80084783645   0.774549544083   0.824703842752 
1960.0   610.0   0.781971465149   0.753786888022   0.807692754328 
1960.0   695.0   0.780812228223   0.752512784137   0.806647705827 
1960.0   780.0   0.787802366098   0.760197415151   0.812948538315 
1960.0   865.0   0.765939485546   0.736178433058   0.793234470717 
1960.0   950.0   0.777347964714   0.748706021986   0.803524350542 
1960.0   1035.0   0.772759481442   0.743665751079   0.799386569453 
1960.0   1120.0   0.780812228223   0.752512784137   0.806647705827 
1960.0   1205.0   0.754730366531   0.723884390894   0.783117035975 
1960.0   1290.0   0.77161767067   0.742411859523   0.798356752215 
1960.0   1375.0   0.79369356837   0.766677140604   0.818257592702 
1960.0   1460.0   0.787802366098   0.760197415151   0.812948538315 
1960.0   1545.0   0.826732912368   0.803053890187   0.848025971794 
1960.0   1630.0   0.755297190312   0.883750307047   0.749167745725 
1960.0   1715.0   0.755297190312   0.883750307047   0.749167745725 
1960.0   1800.0   0.755297190312   0.883750307047   0.749167745725 
