120.0   0.0   0.0   0.0   0.0 
120.0   60.0   0.606131416818   8.75683969781e-11   0.455685637829 
120.0   120.0   0.606131416818   0.0   0.0 
120.0   180.0   0.0   0.0   0.0 
120.0   240.0   0.0   0.0   0.0 
120.0   300.0   0.0   0.0   0.0 
120.0   360.0   0.0   0.0   0.0 
120.0   420.0   0.0   0.0   0.0 
120.0   480.0   0.0   0.0   0.0 
120.0   540.0   0.0   0.0   0.0 
120.0   600.0   0.0   0.0   0.0 
180.0   0.0   0.0   0.0   0.0 
180.0   60.0   0.0   0.0   1.11022302463e-16 
180.0   120.0   4.77395900589e-15   0.0   2.20692323305e-08 
180.0   180.0   0.606131416818   0.0   0.0 
180.0   240.0   0.0   0.0   0.0 
180.0   300.0   0.0   0.0   0.0 
180.0   360.0   0.0   0.0   0.0 
180.0   420.0   0.0   0.0   0.0 
180.0   480.0   0.0   0.0   0.0 
180.0   540.0   0.0   0.0   0.0 
180.0   600.0   0.0   0.0   0.0 
240.0   0.0   0.0   0.0   0.0 
240.0   60.0   0.0   0.0   0.0 
240.0   120.0   0.0   0.0   1.11022302463e-16 
240.0   180.0   3.96401537262e-07   2.12142525768e-11   0.000154498472907 
240.0   240.0   0.606131416818   0.0   0.108065349755 
240.0   300.0   0.0   0.0   0.0 
240.0   360.0   0.0   0.0   0.0 
240.0   420.0   0.0   0.0   0.0 
240.0   480.0   0.0   0.0   0.0 
240.0   540.0   0.0   0.0   0.0 
240.0   600.0   0.0   0.0   0.0 
300.0   0.0   0.0   0.0   0.0 
300.0   60.0   0.0   0.0   0.0 
300.0   120.0   0.0   0.0   0.0 
300.0   180.0   6.2172489379e-15   0.0   6.18282092191e-11 
300.0   240.0   0.265950163983   0.104367094674   0.433992548869 
300.0   300.0   0.606131416818   1.65253666307e-08   0.48189367213 
300.0   360.0   0.0   0.0   0.0 
300.0   420.0   0.0   0.0   0.0 
300.0   480.0   0.0   0.0   0.0 
300.0   540.0   0.0   0.0   0.0 
300.0   600.0   0.0   0.0   0.0 
360.0   0.0   0.0   0.0   0.0 
360.0   60.0   0.0   0.0   0.0 
360.0   120.0   0.0   0.0   0.0 
360.0   180.0   0.0   0.0   0.0 
360.0   240.0   4.25841985779e-05   8.68199446558e-07   0.000733461862384 
360.0   300.0   0.482040263246   0.323913942139   0.609243239579 
360.0   360.0   0.606131416818   0.0   0.350694442517 
360.0   420.0   0.0   0.0   0.0 
360.0   480.0   0.0   0.0   0.0 
360.0   540.0   0.0   0.0   0.0 
360.0   600.0   0.0   0.0   0.0 
420.0   0.0   0.0   0.0   0.0 
420.0   60.0   0.0   0.0   0.0 
420.0   120.0   0.0   0.0   0.0 
420.0   180.0   0.0   0.0   0.0 
420.0   240.0   1.11022302463e-16   0.0   1.99951166735e-13 
420.0   300.0   0.0100109023179   0.00209691441968   0.0317842088976 
420.0   360.0   0.769122417603   0.654087334697   0.844091897164 
420.0   420.0   0.606131416818   0.0326463047888   0.567087196543 
420.0   480.0   0.0   0.0   0.0 
420.0   540.0   0.0   0.0   0.0 
420.0   600.0   0.0   0.0   0.0 
480.0   0.0   0.0   0.0   0.0 
480.0   60.0   0.0   0.0   0.0 
480.0   120.0   0.0   0.0   0.0 
480.0   180.0   0.0   0.0   0.0 
480.0   240.0   1.66533453694e-15   0.0   1.20581322705e-12 
480.0   300.0   3.93773114948e-06   1.47481067359e-07   5.93702732202e-05 
480.0   360.0   0.0664544049629   0.0307053905001   0.120040579602 
480.0   420.0   0.566791582814   0.47209486593   0.64671911926 
480.0   480.0   0.606131416818   0.00122362215859   0.544718422049 
480.0   540.0   0.0   0.0   0.0 
480.0   600.0   0.0   0.0   0.0 
540.0   0.0   0.0   0.0   0.0 
540.0   60.0   0.0   0.0   0.0 
540.0   120.0   0.0   0.0   0.0 
540.0   180.0   0.0   0.0   0.0 
540.0   240.0   0.0   0.0   1.54321000423e-14 
540.0   300.0   1.14527054507e-09   1.22372112443e-11   6.14422879242e-08 
540.0   360.0   0.000264872972813   3.57808750269e-05   0.00140312437913 
540.0   420.0   0.105027310957   0.060953753913   0.162184477405 
540.0   480.0   0.868038763221   0.803731086173   0.910485451155 
540.0   540.0   0.606131416818   0.515276632334   0.591235842029 
540.0   600.0   0.0   0.0   0.0 
600.0   0.0   0.0   0.0   9.99200722163e-16 
600.0   60.0   0.0   0.0   8.77076189454e-15 
600.0   120.0   0.0   0.0   1.66533453694e-14 
600.0   180.0   3.33066907388e-16   0.0   1.24122934153e-13 
600.0   240.0   6.24200691135e-12   3.93018950717e-14   6.14029049828e-10 
600.0   300.0   1.35636345489e-08   3.18197024285e-10   3.79439827114e-07 
600.0   360.0   7.83430314188e-06   6.16350708138e-07   7.12093590364e-05 
600.0   420.0   0.0248648679481   0.0111441655789   0.0486031061048 
600.0   480.0   0.384600815053   0.316629793829   0.451078406685 
600.0   540.0   0.792477090981   0.739192727475   0.83531487782 
600.0   600.0   0.606131416818   0.572219819251   0.592433260266 
660.0   0.0   7.31570359847e-12   6.30606677987e-14   5.72406455568e-10 
660.0   60.0   3.77200493062e-11   4.21218615543e-13   2.29469587776e-09 
660.0   120.0   7.40874028793e-11   9.22040221951e-13   4.05906142031e-09 
660.0   180.0   7.38473171502e-10   1.33795197144e-11   2.81756918907e-08 
660.0   240.0   4.63685706498e-08   1.7017237619e-09   9.02287289217e-07 
660.0   300.0   9.42571256601e-08   3.92084975598e-09   1.62935087056e-06 
660.0   360.0   0.000112810607772   1.77964952901e-05   0.000567492770414 
660.0   420.0   0.00192821864623   0.000542543449486   0.00577399137376 
660.0   480.0   0.0611997158314   0.0356963916652   0.0969311032051 
660.0   540.0   0.481321480878   0.422537761444   0.537334279942 
660.0   600.0   0.883921123065   0.843821057472   0.913800477651 
720.0   0.0   1.53236759293e-06   1.22697052185e-07   1.48912449766e-05 
720.0   60.0   7.88186097056e-07   5.61035191637e-08   8.55559959145e-06 
720.0   120.0   3.44171287026e-06   3.18539621902e-07   2.92016598389e-05 
720.0   180.0   2.2602775378e-06   1.93979768914e-07   2.05817457521e-05 
720.0   240.0   2.0615706587e-05   2.64627442603e-06   0.000129037139507 
720.0   300.0   7.494410081e-05   1.22483540975e-05   0.000375463111758 
720.0   360.0   0.000597060528154   0.000145320255712   0.00208048174544 
720.0   420.0   0.00320836256694   0.0010870003526   0.00830217898574 
720.0   480.0   0.0240789894089   0.0121968856708   0.0436042376823 
720.0   540.0   0.184634965203   0.13928718033   0.235962696074 
720.0   600.0   0.542035071575   0.492037150097   0.589525113589 
780.0   0.0   0.000179479946631   3.76735453159e-05   0.000729524264813 
780.0   60.0   0.000100244311165   1.89107059405e-05   0.000449631161656 
780.0   120.0   9.14829722813e-05   1.69722926606e-05   0.000416711847191 
780.0   180.0   0.000310287032296   7.20608364347e-05   0.0011492725715 
780.0   240.0   0.000650149758184   0.000173289426368   0.00212281134253 
780.0   300.0   0.00113382340845   0.000335445385029   0.00336615399323 
780.0   360.0   0.0026938880543   0.000938587739984   0.0068950001941 
780.0   420.0   0.00801297051769   0.00343537459715   0.0170117258954 
780.0   480.0   0.0258941796778   0.0138821003735   0.0450101746744 
780.0   540.0   0.0978429819126   0.0673070178891   0.136298930644 
780.0   600.0   0.313152805338   0.26426587839   0.364129208603 
840.0   0.0   0.00350142599512   0.00134507862499   0.00829252743621 
840.0   60.0   0.00268391071697   0.000982080757317   0.00664463340927 
840.0   120.0   0.0031157844316   0.00117164509574   0.00752422526493 
840.0   180.0   0.00463211672668   0.00187302699801   0.0104702381309 
840.0   240.0   0.00461457569102   0.00186463713547   0.0104371879624 
840.0   300.0   0.00600226532231   0.00254514863297   0.0129939316648 
840.0   360.0   0.0132345069807   0.0064877087451   0.0251230363999 
840.0   420.0   0.0170555371906   0.00875840681297   0.0310461232113 
840.0   480.0   0.0480786819603   0.0298103125377   0.0738625459974 
840.0   540.0   0.101702519302   0.0720489407755   0.138650020709 
840.0   600.0   0.194754686026   0.154195695943   0.240361211088 
900.0   0.0   0.02625176887   0.0149765674315   0.0437029176753 
900.0   60.0   0.0270735558145   0.0155293593558   0.0448496460733 
900.0   120.0   0.027918130214   0.0161005206608   0.0460225358043 
900.0   180.0   0.0324317394594   0.0192020682657   0.0522018517767 
900.0   240.0   0.0325716792383   0.0192994832564   0.0523912113101 
900.0   300.0   0.0351084902737   0.0210776690924   0.0558027196187 
900.0   360.0   0.04165758456   0.0257679850891   0.0644425225073 
900.0   420.0   0.051830151792   0.0333014807183   0.0774671132743 
900.0   480.0   0.0774407310082   0.0533162653681   0.108729080209 
900.0   540.0   0.119493704069   0.088518684144   0.157025737156 
900.0   600.0   0.205056640481   0.16587193907   0.248862085446 
