250.0   50.0   0.0 
250.0   84.0   0.0 
250.0   118.0   0.0 
250.0   152.0   0.0 
250.0   186.0   0.0 
250.0   220.0   0.0 
250.0   254.0   0.0 
250.0   288.0   0.0 
250.0   322.0   0.0 
250.0   356.0   0.0 
250.0   390.0   0.0 
250.0   424.0   0.0 
250.0   458.0   0.0 
250.0   492.0   0.0 
250.0   526.0   0.0 
250.0   560.0   0.0 
250.0   594.0   0.0 
250.0   628.0   0.0 
250.0   662.0   0.0 
250.0   696.0   0.0 
250.0   730.0   0.0 
250.0   764.0   0.0 
250.0   798.0   0.0 
250.0   832.0   0.0 
250.0   866.0   0.0 
250.0   900.0   0.0 
250.0   934.0   0.0 
250.0   968.0   0.0 
250.0   1002.0   0.0 
250.0   1036.0   0.0 
250.0   1070.0   0.0 
250.0   1104.0   0.0 
250.0   1138.0   0.0 
250.0   1172.0   0.0 
250.0   1206.0   0.0 
250.0   1240.0   0.0 
250.0   1274.0   0.0 
250.0   1308.0   0.0 
250.0   1342.0   0.0 
250.0   1376.0   0.0 
250.0   1410.0   0.0 
284.0   50.0   0.0 
284.0   84.0   0.0 
284.0   118.0   0.0 
284.0   152.0   0.0 
284.0   186.0   0.0 
284.0   220.0   0.0 
284.0   254.0   0.0 
284.0   288.0   0.0 
284.0   322.0   0.0 
284.0   356.0   0.0 
284.0   390.0   0.0 
284.0   424.0   0.0 
284.0   458.0   0.0 
284.0   492.0   0.0 
284.0   526.0   0.0 
284.0   560.0   0.0 
284.0   594.0   0.0 
284.0   628.0   0.0 
284.0   662.0   0.0 
284.0   696.0   0.0 
284.0   730.0   0.0 
284.0   764.0   0.0 
284.0   798.0   0.0 
284.0   832.0   0.0 
284.0   866.0   0.0 
284.0   900.0   0.0 
284.0   934.0   0.0 
284.0   968.0   0.0 
284.0   1002.0   0.0 
284.0   1036.0   0.0 
284.0   1070.0   0.0 
284.0   1104.0   0.0 
284.0   1138.0   0.0 
284.0   1172.0   0.0 
284.0   1206.0   0.0 
284.0   1240.0   0.0 
284.0   1274.0   0.0 
284.0   1308.0   0.0 
284.0   1342.0   0.0 
284.0   1376.0   0.0 
284.0   1410.0   0.0 
318.0   50.0   0.0 
318.0   84.0   0.0 
318.0   118.0   0.0 
318.0   152.0   0.0 
318.0   186.0   0.0 
318.0   220.0   0.0 
318.0   254.0   0.0 
318.0   288.0   0.0 
318.0   322.0   0.0 
318.0   356.0   0.0 
318.0   390.0   0.0 
318.0   424.0   0.0 
318.0   458.0   0.0 
318.0   492.0   0.0 
318.0   526.0   0.0 
318.0   560.0   0.0 
318.0   594.0   0.0 
318.0   628.0   0.0 
318.0   662.0   0.0 
318.0   696.0   0.0 
318.0   730.0   0.0 
318.0   764.0   0.0 
318.0   798.0   0.0 
318.0   832.0   0.0 
318.0   866.0   0.0 
318.0   900.0   0.0 
318.0   934.0   0.0 
318.0   968.0   0.0 
318.0   1002.0   0.0 
318.0   1036.0   0.0 
318.0   1070.0   0.0 
318.0   1104.0   0.0 
318.0   1138.0   0.0 
318.0   1172.0   0.0 
318.0   1206.0   0.0 
318.0   1240.0   0.0 
318.0   1274.0   0.0 
318.0   1308.0   0.0 
318.0   1342.0   0.0 
318.0   1376.0   0.0 
318.0   1410.0   0.0 
352.0   50.0   0.0 
352.0   84.0   9.74128999687e-10 
352.0   118.0   0.0 
352.0   152.0   0.0 
352.0   186.0   0.0 
352.0   220.0   0.0 
352.0   254.0   0.0 
352.0   288.0   0.0 
352.0   322.0   0.0 
352.0   356.0   0.0 
352.0   390.0   0.0 
352.0   424.0   0.0 
352.0   458.0   0.0 
352.0   492.0   0.0 
352.0   526.0   0.0 
352.0   560.0   0.0 
352.0   594.0   0.0 
352.0   628.0   0.0 
352.0   662.0   0.0 
352.0   696.0   0.0 
352.0   730.0   0.0 
352.0   764.0   0.0 
352.0   798.0   0.0 
352.0   832.0   0.0 
352.0   866.0   0.0 
352.0   900.0   0.0 
352.0   934.0   0.0 
352.0   968.0   0.0 
352.0   1002.0   0.0 
352.0   1036.0   0.0 
352.0   1070.0   0.0 
352.0   1104.0   0.0 
352.0   1138.0   0.0 
352.0   1172.0   0.0 
352.0   1206.0   0.0 
352.0   1240.0   0.0 
352.0   1274.0   0.0 
352.0   1308.0   0.0 
352.0   1342.0   0.0 
352.0   1376.0   0.0 
352.0   1410.0   0.0 
386.0   50.0   0.0 
386.0   84.0   0.0 
386.0   118.0   0.0 
386.0   152.0   0.0 
386.0   186.0   0.0 
386.0   220.0   0.0 
386.0   254.0   0.0 
386.0   288.0   0.0 
386.0   322.0   0.0 
386.0   356.0   0.0 
386.0   390.0   0.0 
386.0   424.0   0.0 
386.0   458.0   0.0 
386.0   492.0   0.0 
386.0   526.0   0.0 
386.0   560.0   0.0 
386.0   594.0   0.0 
386.0   628.0   0.0 
386.0   662.0   0.0 
386.0   696.0   0.0 
386.0   730.0   0.0 
386.0   764.0   0.0 
386.0   798.0   0.0 
386.0   832.0   0.0 
386.0   866.0   0.0 
386.0   900.0   0.0 
386.0   934.0   0.0 
386.0   968.0   0.0 
386.0   1002.0   0.0 
386.0   1036.0   0.0 
386.0   1070.0   0.0 
386.0   1104.0   0.0 
386.0   1138.0   0.0 
386.0   1172.0   0.0 
386.0   1206.0   0.0 
386.0   1240.0   0.0 
386.0   1274.0   0.0 
386.0   1308.0   0.0 
386.0   1342.0   0.0 
386.0   1376.0   0.0 
386.0   1410.0   0.0 
420.0   50.0   0.0 
420.0   84.0   0.0 
420.0   118.0   0.0 
420.0   152.0   0.0 
420.0   186.0   0.0 
420.0   220.0   0.0 
420.0   254.0   0.0 
420.0   288.0   0.0 
420.0   322.0   0.0 
420.0   356.0   0.0 
420.0   390.0   0.0 
420.0   424.0   0.0 
420.0   458.0   0.0 
420.0   492.0   0.0 
420.0   526.0   0.0 
420.0   560.0   0.0 
420.0   594.0   0.0 
420.0   628.0   0.0 
420.0   662.0   0.0 
420.0   696.0   0.0 
420.0   730.0   0.0 
420.0   764.0   0.0 
420.0   798.0   0.0 
420.0   832.0   0.0 
420.0   866.0   0.0 
420.0   900.0   0.0 
420.0   934.0   0.0 
420.0   968.0   0.0 
420.0   1002.0   0.0 
420.0   1036.0   0.0 
420.0   1070.0   0.0 
420.0   1104.0   0.0 
420.0   1138.0   0.0 
420.0   1172.0   0.0 
420.0   1206.0   0.0 
420.0   1240.0   0.0 
420.0   1274.0   0.0 
420.0   1308.0   0.0 
420.0   1342.0   0.0 
420.0   1376.0   0.0 
420.0   1410.0   0.0 
454.0   50.0   0.0 
454.0   84.0   0.0 
454.0   118.0   0.0 
454.0   152.0   0.0 
454.0   186.0   0.0 
454.0   220.0   0.0 
454.0   254.0   0.0 
454.0   288.0   0.0 
454.0   322.0   0.0 
454.0   356.0   0.0 
454.0   390.0   0.0 
454.0   424.0   0.0 
454.0   458.0   0.0 
454.0   492.0   0.0 
454.0   526.0   0.0 
454.0   560.0   0.0 
454.0   594.0   0.0 
454.0   628.0   0.0 
454.0   662.0   0.0 
454.0   696.0   0.0 
454.0   730.0   0.0 
454.0   764.0   0.0 
454.0   798.0   0.0 
454.0   832.0   0.0 
454.0   866.0   0.0 
454.0   900.0   0.0 
454.0   934.0   0.0 
454.0   968.0   0.0 
454.0   1002.0   0.0 
454.0   1036.0   0.0 
454.0   1070.0   0.0 
454.0   1104.0   0.0 
454.0   1138.0   0.0 
454.0   1172.0   0.0 
454.0   1206.0   0.0 
454.0   1240.0   0.0 
454.0   1274.0   0.0 
454.0   1308.0   0.0 
454.0   1342.0   0.0 
454.0   1376.0   0.0 
454.0   1410.0   0.0 
488.0   50.0   0.0 
488.0   84.0   0.0 
488.0   118.0   0.0 
488.0   152.0   0.0 
488.0   186.0   0.0 
488.0   220.0   0.0 
488.0   254.0   0.0 
488.0   288.0   0.0 
488.0   322.0   0.0 
488.0   356.0   0.0 
488.0   390.0   0.0 
488.0   424.0   0.0 
488.0   458.0   0.0 
488.0   492.0   0.0 
488.0   526.0   0.0 
488.0   560.0   0.0 
488.0   594.0   0.0 
488.0   628.0   0.0 
488.0   662.0   0.0 
488.0   696.0   0.0 
488.0   730.0   0.0 
488.0   764.0   0.0 
488.0   798.0   0.0 
488.0   832.0   0.0 
488.0   866.0   0.0 
488.0   900.0   0.0 
488.0   934.0   0.0 
488.0   968.0   0.0 
488.0   1002.0   0.0 
488.0   1036.0   0.0 
488.0   1070.0   0.0 
488.0   1104.0   0.0 
488.0   1138.0   0.0 
488.0   1172.0   0.0 
488.0   1206.0   0.0 
488.0   1240.0   0.0 
488.0   1274.0   0.0 
488.0   1308.0   0.0 
488.0   1342.0   0.0 
488.0   1376.0   0.0 
488.0   1410.0   0.0 
522.0   50.0   0.0 
522.0   84.0   0.0 
522.0   118.0   0.0 
522.0   152.0   0.0 
522.0   186.0   0.0 
522.0   220.0   0.0 
522.0   254.0   0.0 
522.0   288.0   3.50830475782e-14 
522.0   322.0   1.54909418626e-12 
522.0   356.0   0.0 
522.0   390.0   0.0 
522.0   424.0   0.0 
522.0   458.0   0.0 
522.0   492.0   0.0 
522.0   526.0   0.0 
522.0   560.0   0.0 
522.0   594.0   0.0 
522.0   628.0   0.0 
522.0   662.0   0.0 
522.0   696.0   0.0 
522.0   730.0   0.0 
522.0   764.0   0.0 
522.0   798.0   0.0 
522.0   832.0   0.0 
522.0   866.0   0.0 
522.0   900.0   0.0 
522.0   934.0   0.0 
522.0   968.0   0.0 
522.0   1002.0   0.0 
522.0   1036.0   0.0 
522.0   1070.0   0.0 
522.0   1104.0   0.0 
522.0   1138.0   0.0 
522.0   1172.0   0.0 
522.0   1206.0   0.0 
522.0   1240.0   0.0 
522.0   1274.0   0.0 
522.0   1308.0   0.0 
522.0   1342.0   0.0 
522.0   1376.0   0.0 
522.0   1410.0   0.0 
556.0   50.0   0.0 
556.0   84.0   0.0 
556.0   118.0   0.0 
556.0   152.0   0.0 
556.0   186.0   0.0 
556.0   220.0   0.0 
556.0   254.0   0.0 
556.0   288.0   0.0 
556.0   322.0   1.56974433452e-12 
556.0   356.0   6.81543710357e-12 
556.0   390.0   0.0 
556.0   424.0   0.0 
556.0   458.0   0.0 
556.0   492.0   0.0 
556.0   526.0   0.0 
556.0   560.0   0.0 
556.0   594.0   0.0 
556.0   628.0   0.0 
556.0   662.0   0.0 
556.0   696.0   0.0 
556.0   730.0   0.0 
556.0   764.0   0.0 
556.0   798.0   0.0 
556.0   832.0   0.0 
556.0   866.0   0.0 
556.0   900.0   0.0 
556.0   934.0   0.0 
556.0   968.0   0.0 
556.0   1002.0   0.0 
556.0   1036.0   0.0 
556.0   1070.0   0.0 
556.0   1104.0   0.0 
556.0   1138.0   0.0 
556.0   1172.0   0.0 
556.0   1206.0   0.0 
556.0   1240.0   0.0 
556.0   1274.0   0.0 
556.0   1308.0   0.0 
556.0   1342.0   0.0 
556.0   1376.0   0.0 
556.0   1410.0   0.0 
590.0   50.0   0.0 
590.0   84.0   0.0 
590.0   118.0   0.0 
590.0   152.0   0.0 
590.0   186.0   0.0 
590.0   220.0   0.0 
590.0   254.0   0.0 
590.0   288.0   0.0 
590.0   322.0   1.11022302463e-16 
590.0   356.0   6.10622663544e-15 
590.0   390.0   8.70892247207e-12 
590.0   424.0   0.0 
590.0   458.0   0.0 
590.0   492.0   0.0 
590.0   526.0   0.0 
590.0   560.0   0.0 
590.0   594.0   0.0 
590.0   628.0   0.0 
590.0   662.0   0.0 
590.0   696.0   0.0 
590.0   730.0   0.0 
590.0   764.0   0.0 
590.0   798.0   0.0 
590.0   832.0   0.0 
590.0   866.0   0.0 
590.0   900.0   0.0 
590.0   934.0   0.0 
590.0   968.0   0.0 
590.0   1002.0   0.0 
590.0   1036.0   0.0 
590.0   1070.0   0.0 
590.0   1104.0   0.0 
590.0   1138.0   0.0 
590.0   1172.0   0.0 
590.0   1206.0   0.0 
590.0   1240.0   0.0 
590.0   1274.0   0.0 
590.0   1308.0   0.0 
590.0   1342.0   0.0 
590.0   1376.0   0.0 
590.0   1410.0   0.0 
624.0   50.0   0.0 
624.0   84.0   0.0 
624.0   118.0   0.0 
624.0   152.0   0.0 
624.0   186.0   0.0 
624.0   220.0   0.0 
624.0   254.0   0.0 
624.0   288.0   0.0 
624.0   322.0   0.0 
624.0   356.0   1.11022302463e-16 
624.0   390.0   1.5148390875e-08 
624.0   424.0   0.00378535405075 
624.0   458.0   0.0 
624.0   492.0   0.0 
624.0   526.0   0.0 
624.0   560.0   0.0 
624.0   594.0   0.0 
624.0   628.0   0.0 
624.0   662.0   0.0 
624.0   696.0   0.0 
624.0   730.0   0.0 
624.0   764.0   0.0 
624.0   798.0   0.0 
624.0   832.0   0.0 
624.0   866.0   0.0 
624.0   900.0   0.0 
624.0   934.0   0.0 
624.0   968.0   0.0 
624.0   1002.0   0.0 
624.0   1036.0   0.0 
624.0   1070.0   0.0 
624.0   1104.0   0.0 
624.0   1138.0   0.0 
624.0   1172.0   0.0 
624.0   1206.0   0.0 
624.0   1240.0   0.0 
624.0   1274.0   0.0 
624.0   1308.0   0.0 
624.0   1342.0   0.0 
624.0   1376.0   0.0 
624.0   1410.0   0.0 
658.0   50.0   0.0 
658.0   84.0   0.0 
658.0   118.0   0.0 
658.0   152.0   0.0 
658.0   186.0   0.0 
658.0   220.0   0.0 
658.0   254.0   0.0 
658.0   288.0   0.0 
658.0   322.0   0.0 
658.0   356.0   0.0 
658.0   390.0   3.98037158789e-12 
658.0   424.0   1.65683289532e-07 
658.0   458.0   0.0111145529782 
658.0   492.0   0.0 
658.0   526.0   0.0 
658.0   560.0   0.0 
658.0   594.0   0.0 
658.0   628.0   0.0 
658.0   662.0   0.0 
658.0   696.0   0.0 
658.0   730.0   0.0 
658.0   764.0   0.0 
658.0   798.0   0.0 
658.0   832.0   0.0 
658.0   866.0   0.0 
658.0   900.0   0.0 
658.0   934.0   0.0 
658.0   968.0   0.0 
658.0   1002.0   0.0 
658.0   1036.0   0.0 
658.0   1070.0   0.0 
658.0   1104.0   0.0 
658.0   1138.0   0.0 
658.0   1172.0   0.0 
658.0   1206.0   0.0 
658.0   1240.0   0.0 
658.0   1274.0   0.0 
658.0   1308.0   0.0 
658.0   1342.0   0.0 
658.0   1376.0   0.0 
658.0   1410.0   0.0 
692.0   50.0   0.0 
692.0   84.0   0.0 
692.0   118.0   0.0 
692.0   152.0   0.0 
692.0   186.0   0.0 
692.0   220.0   0.0 
692.0   254.0   0.0 
692.0   288.0   0.0 
692.0   322.0   0.0 
692.0   356.0   5.77315972805e-15 
692.0   390.0   9.50471146233e-10 
692.0   424.0   3.44889961035e-09 
692.0   458.0   3.54672632605e-05 
692.0   492.0   0.000353499018113 
692.0   526.0   0.0 
692.0   560.0   0.0 
692.0   594.0   0.0 
692.0   628.0   0.0 
692.0   662.0   0.0 
692.0   696.0   0.0 
692.0   730.0   0.0 
692.0   764.0   0.0 
692.0   798.0   0.0 
692.0   832.0   0.0 
692.0   866.0   0.0 
692.0   900.0   0.0 
692.0   934.0   0.0 
692.0   968.0   0.0 
692.0   1002.0   0.0 
692.0   1036.0   0.0 
692.0   1070.0   0.0 
692.0   1104.0   0.0 
692.0   1138.0   0.0 
692.0   1172.0   0.0 
692.0   1206.0   0.0 
692.0   1240.0   0.0 
692.0   1274.0   0.0 
692.0   1308.0   0.0 
692.0   1342.0   0.0 
692.0   1376.0   0.0 
692.0   1410.0   0.0 
726.0   50.0   0.0 
726.0   84.0   0.0 
726.0   118.0   0.0 
726.0   152.0   0.0 
726.0   186.0   0.0 
726.0   220.0   0.0 
726.0   254.0   0.0 
726.0   288.0   0.0 
726.0   322.0   0.0 
726.0   356.0   0.0 
726.0   390.0   0.0 
726.0   424.0   1.28891992413e-07 
726.0   458.0   3.21418521798e-08 
726.0   492.0   0.00121852719895 
726.0   526.0   1.0 
726.0   560.0   0.0 
726.0   594.0   0.0 
726.0   628.0   0.0 
726.0   662.0   0.0 
726.0   696.0   0.0 
726.0   730.0   0.0 
726.0   764.0   0.0 
726.0   798.0   0.0 
726.0   832.0   0.0 
726.0   866.0   0.0 
726.0   900.0   0.0 
726.0   934.0   0.0 
726.0   968.0   0.0 
726.0   1002.0   0.0 
726.0   1036.0   0.0 
726.0   1070.0   0.0 
726.0   1104.0   0.0 
726.0   1138.0   0.0 
726.0   1172.0   0.0 
726.0   1206.0   0.0 
726.0   1240.0   0.0 
726.0   1274.0   0.0 
726.0   1308.0   0.0 
726.0   1342.0   0.0 
726.0   1376.0   0.0 
726.0   1410.0   0.0 
760.0   50.0   0.0 
760.0   84.0   0.0 
760.0   118.0   0.0 
760.0   152.0   0.0 
760.0   186.0   0.0 
760.0   220.0   0.0 
760.0   254.0   0.0 
760.0   288.0   0.0 
760.0   322.0   0.0 
760.0   356.0   0.0 
760.0   390.0   1.15629728015e-12 
760.0   424.0   9.25021170772e-11 
760.0   458.0   2.99955719485e-07 
760.0   492.0   0.000153855974233 
760.0   526.0   0.0106505818624 
760.0   560.0   1.0 
760.0   594.0   0.0 
760.0   628.0   0.0 
760.0   662.0   0.0 
760.0   696.0   0.0 
760.0   730.0   0.0 
760.0   764.0   0.0 
760.0   798.0   0.0 
760.0   832.0   0.0 
760.0   866.0   0.0 
760.0   900.0   0.0 
760.0   934.0   0.0 
760.0   968.0   0.0 
760.0   1002.0   0.0 
760.0   1036.0   0.0 
760.0   1070.0   0.0 
760.0   1104.0   0.0 
760.0   1138.0   0.0 
760.0   1172.0   0.0 
760.0   1206.0   0.0 
760.0   1240.0   0.0 
760.0   1274.0   0.0 
760.0   1308.0   0.0 
760.0   1342.0   0.0 
760.0   1376.0   0.0 
760.0   1410.0   0.0 
794.0   50.0   0.0 
794.0   84.0   0.0 
794.0   118.0   0.0 
794.0   152.0   0.0 
794.0   186.0   0.0 
794.0   220.0   0.0 
794.0   254.0   0.0 
794.0   288.0   0.0 
794.0   322.0   0.0 
794.0   356.0   0.0 
794.0   390.0   3.18545190225e-12 
794.0   424.0   7.94643750801e-09 
794.0   458.0   3.8188246565e-08 
794.0   492.0   8.85095420786e-05 
794.0   526.0   0.0164342076952 
794.0   560.0   0.11220867265 
794.0   594.0   1.0 
794.0   628.0   0.0 
794.0   662.0   0.0 
794.0   696.0   0.0 
794.0   730.0   0.0 
794.0   764.0   0.0 
794.0   798.0   0.0 
794.0   832.0   0.0 
794.0   866.0   0.0 
794.0   900.0   0.0 
794.0   934.0   0.0 
794.0   968.0   0.0 
794.0   1002.0   0.0 
794.0   1036.0   0.0 
794.0   1070.0   0.0 
794.0   1104.0   0.0 
794.0   1138.0   0.0 
794.0   1172.0   0.0 
794.0   1206.0   0.0 
794.0   1240.0   0.0 
794.0   1274.0   0.0 
794.0   1308.0   0.0 
794.0   1342.0   0.0 
794.0   1376.0   0.0 
794.0   1410.0   0.0 
828.0   50.0   0.0 
828.0   84.0   0.0 
828.0   118.0   0.0 
828.0   152.0   0.0 
828.0   186.0   0.0 
828.0   220.0   0.0 
828.0   254.0   0.0 
828.0   288.0   0.0 
828.0   322.0   2.22044604925e-16 
828.0   356.0   1.50990331349e-14 
828.0   390.0   2.42883491097e-12 
828.0   424.0   9.4029574238e-08 
828.0   458.0   6.54867382321e-07 
828.0   492.0   1.9537226972e-05 
828.0   526.0   0.0176248328757 
828.0   560.0   0.0207521487707 
828.0   594.0   1.0 
828.0   628.0   1.0 
828.0   662.0   0.0 
828.0   696.0   0.0 
828.0   730.0   0.0 
828.0   764.0   0.0 
828.0   798.0   0.0 
828.0   832.0   0.0 
828.0   866.0   0.0 
828.0   900.0   0.0 
828.0   934.0   0.0 
828.0   968.0   0.0 
828.0   1002.0   0.0 
828.0   1036.0   0.0 
828.0   1070.0   0.0 
828.0   1104.0   0.0 
828.0   1138.0   0.0 
828.0   1172.0   0.0 
828.0   1206.0   0.0 
828.0   1240.0   0.0 
828.0   1274.0   0.0 
828.0   1308.0   0.0 
828.0   1342.0   0.0 
828.0   1376.0   0.0 
828.0   1410.0   0.0 
862.0   50.0   0.0 
862.0   84.0   0.0 
862.0   118.0   0.0 
862.0   152.0   0.0 
862.0   186.0   0.0 
862.0   220.0   0.0 
862.0   254.0   0.0 
862.0   288.0   3.33066907388e-16 
862.0   322.0   0.0 
862.0   356.0   4.87276885508e-13 
862.0   390.0   4.97266672284e-11 
862.0   424.0   4.53317794413e-09 
862.0   458.0   3.21925643909e-06 
862.0   492.0   1.55443570318e-05 
862.0   526.0   0.00593022122099 
862.0   560.0   0.0498848663966 
862.0   594.0   0.625980451483 
862.0   628.0   1.0 
862.0   662.0   1.0 
862.0   696.0   0.0 
862.0   730.0   0.0 
862.0   764.0   0.0 
862.0   798.0   0.0 
862.0   832.0   0.0 
862.0   866.0   0.0 
862.0   900.0   0.0 
862.0   934.0   0.0 
862.0   968.0   0.0 
862.0   1002.0   0.0 
862.0   1036.0   0.0 
862.0   1070.0   0.0 
862.0   1104.0   0.0 
862.0   1138.0   0.0 
862.0   1172.0   0.0 
862.0   1206.0   0.0 
862.0   1240.0   0.0 
862.0   1274.0   0.0 
862.0   1308.0   0.0 
862.0   1342.0   0.0 
862.0   1376.0   0.0 
862.0   1410.0   0.0 
896.0   50.0   5.55111512313e-16 
896.0   84.0   6.66133814775e-16 
896.0   118.0   1.11022302463e-16 
896.0   152.0   1.52100554374e-14 
896.0   186.0   0.0 
896.0   220.0   1.52100554374e-14 
896.0   254.0   6.32827124036e-15 
896.0   288.0   3.67483821151e-14 
896.0   322.0   4.45532499782e-13 
896.0   356.0   1.58397739369e-11 
896.0   390.0   5.28567523084e-10 
896.0   424.0   3.29515389419e-08 
896.0   458.0   8.48600445436e-06 
896.0   492.0   0.000544429420487 
896.0   526.0   0.00060354368679 
896.0   560.0   0.0261628147472 
896.0   594.0   1.0 
896.0   628.0   1.0 
896.0   662.0   1.0 
896.0   696.0   1.0 
896.0   730.0   0.0 
896.0   764.0   0.0 
896.0   798.0   0.0 
896.0   832.0   0.0 
896.0   866.0   0.0 
896.0   900.0   0.0 
896.0   934.0   0.0 
896.0   968.0   0.0 
896.0   1002.0   0.0 
896.0   1036.0   0.0 
896.0   1070.0   0.0 
896.0   1104.0   0.0 
896.0   1138.0   0.0 
896.0   1172.0   0.0 
896.0   1206.0   0.0 
896.0   1240.0   0.0 
896.0   1274.0   0.0 
896.0   1308.0   0.0 
896.0   1342.0   0.0 
896.0   1376.0   0.0 
896.0   1410.0   0.0 
930.0   50.0   1.62097002487e-11 
930.0   84.0   1.36868294476e-12 
930.0   118.0   5.25024468345e-13 
930.0   152.0   2.9487523534e-13 
930.0   186.0   7.63833440942e-14 
930.0   220.0   1.28177690684e-10 
930.0   254.0   1.5060175329e-12 
930.0   288.0   1.47476475476e-11 
930.0   322.0   3.78748143959e-11 
930.0   356.0   3.58385210397e-09 
930.0   390.0   1.44972814309e-07 
930.0   424.0   8.4945318557e-08 
930.0   458.0   5.19812411415e-06 
930.0   492.0   0.000741164003047 
930.0   526.0   0.0070463211083 
930.0   560.0   0.0454552962567 
930.0   594.0   1.0 
930.0   628.0   1.0 
930.0   662.0   1.0 
930.0   696.0   1.0 
930.0   730.0   1.0 
930.0   764.0   0.0 
930.0   798.0   0.0 
930.0   832.0   0.0 
930.0   866.0   0.0 
930.0   900.0   0.0 
930.0   934.0   0.0 
930.0   968.0   0.0 
930.0   1002.0   0.0 
930.0   1036.0   0.0 
930.0   1070.0   0.0 
930.0   1104.0   0.0 
930.0   1138.0   0.0 
930.0   1172.0   0.0 
930.0   1206.0   0.0 
930.0   1240.0   0.0 
930.0   1274.0   0.0 
930.0   1308.0   0.0 
930.0   1342.0   0.0 
930.0   1376.0   0.0 
930.0   1410.0   0.0 
964.0   50.0   4.97096808161e-11 
964.0   84.0   4.01201294409e-10 
964.0   118.0   5.72132319299e-09 
964.0   152.0   2.2451218662e-10 
964.0   186.0   5.21456211544e-11 
964.0   220.0   1.36820099694e-09 
964.0   254.0   2.26106233736e-09 
964.0   288.0   3.73159836364e-10 
964.0   322.0   4.43680302498e-08 
964.0   356.0   1.09930130998e-07 
964.0   390.0   1.30438456536e-06 
964.0   424.0   4.10455763378e-06 
964.0   458.0   4.71153647331e-05 
964.0   492.0   0.000496971068072 
964.0   526.0   0.00261097370504 
964.0   560.0   0.0872249244297 
964.0   594.0   0.301931690939 
964.0   628.0   1.0 
964.0   662.0   1.0 
964.0   696.0   1.0 
964.0   730.0   1.0 
964.0   764.0   1.0 
964.0   798.0   0.0 
964.0   832.0   0.0 
964.0   866.0   0.0 
964.0   900.0   0.0 
964.0   934.0   0.0 
964.0   968.0   0.0 
964.0   1002.0   0.0 
964.0   1036.0   0.0 
964.0   1070.0   0.0 
964.0   1104.0   0.0 
964.0   1138.0   0.0 
964.0   1172.0   0.0 
964.0   1206.0   0.0 
964.0   1240.0   0.0 
964.0   1274.0   0.0 
964.0   1308.0   0.0 
964.0   1342.0   0.0 
964.0   1376.0   0.0 
964.0   1410.0   0.0 
998.0   50.0   4.81739614866e-08 
998.0   84.0   1.63657531971e-10 
998.0   118.0   3.59694955598e-07 
998.0   152.0   8.32401030326e-08 
998.0   186.0   3.6613581833e-08 
998.0   220.0   6.69047862667e-08 
998.0   254.0   1.03521029082e-07 
998.0   288.0   7.46306444421e-08 
998.0   322.0   3.93644166785e-06 
998.0   356.0   9.56023896692e-06 
998.0   390.0   1.37376222319e-05 
998.0   424.0   7.04516389803e-05 
998.0   458.0   0.000110799373647 
998.0   492.0   0.000222653719292 
998.0   526.0   0.00558725610459 
998.0   560.0   0.0571123607869 
998.0   594.0   0.283858168121 
998.0   628.0   1.0 
998.0   662.0   1.0 
998.0   696.0   1.0 
998.0   730.0   1.0 
998.0   764.0   1.0 
998.0   798.0   0.117746071447 
998.0   832.0   0.0 
998.0   866.0   0.0 
998.0   900.0   0.0 
998.0   934.0   0.0 
998.0   968.0   0.0 
998.0   1002.0   0.0 
998.0   1036.0   0.0 
998.0   1070.0   0.0 
998.0   1104.0   0.0 
998.0   1138.0   0.0 
998.0   1172.0   0.0 
998.0   1206.0   0.0 
998.0   1240.0   0.0 
998.0   1274.0   0.0 
998.0   1308.0   0.0 
998.0   1342.0   0.0 
998.0   1376.0   0.0 
998.0   1410.0   0.0 
1032.0   50.0   5.62096125201e-09 
1032.0   84.0   2.83582513028e-09 
1032.0   118.0   6.30029894921e-09 
1032.0   152.0   1.08324341112e-05 
1032.0   186.0   2.78183497349e-08 
1032.0   220.0   1.38338104668e-05 
1032.0   254.0   6.64991149388e-05 
1032.0   288.0   5.44816504155e-05 
1032.0   322.0   3.36859756435e-05 
1032.0   356.0   0.000274288138602 
1032.0   390.0   0.000135604120045 
1032.0   424.0   0.000617285394923 
1032.0   458.0   0.00241104154917 
1032.0   492.0   0.0150617906544 
1032.0   526.0   0.0173892596365 
1032.0   560.0   0.163403451075 
1032.0   594.0   1.0 
1032.0   628.0   1.0 
1032.0   662.0   1.0 
1032.0   696.0   1.0 
1032.0   730.0   1.0 
1032.0   764.0   1.0 
1032.0   798.0   1.0 
1032.0   832.0   1.0 
1032.0   866.0   0.0 
1032.0   900.0   0.0 
1032.0   934.0   0.0 
1032.0   968.0   0.0 
1032.0   1002.0   0.0 
1032.0   1036.0   0.0 
1032.0   1070.0   0.0 
1032.0   1104.0   0.0 
1032.0   1138.0   0.0 
1032.0   1172.0   0.0 
1032.0   1206.0   0.0 
1032.0   1240.0   0.0 
1032.0   1274.0   0.0 
1032.0   1308.0   0.0 
1032.0   1342.0   0.0 
1032.0   1376.0   0.0 
1032.0   1410.0   0.0 
1066.0   50.0   1.66944281732e-08 
1066.0   84.0   1.66944281732e-08 
1066.0   118.0   3.44043493694e-08 
1066.0   152.0   7.09688846579e-08 
1066.0   186.0   1.5334578618e-07 
1066.0   220.0   0.000614511965449 
1066.0   254.0   0.00108971133989 
1066.0   288.0   0.000782723644458 
1066.0   322.0   0.00102624543851 
1066.0   356.0   0.00138436273398 
1066.0   390.0   0.0015596846475 
1066.0   424.0   0.00463711224083 
1066.0   458.0   0.00346250876408 
1066.0   492.0   0.0211951332996 
1066.0   526.0   0.120579347994 
1066.0   560.0   1.0 
1066.0   594.0   1.0 
1066.0   628.0   1.0 
1066.0   662.0   1.0 
1066.0   696.0   1.0 
1066.0   730.0   1.0 
1066.0   764.0   1.0 
1066.0   798.0   1.0 
1066.0   832.0   1.0 
1066.0   866.0   1.0 
1066.0   900.0   0.0 
1066.0   934.0   0.0 
1066.0   968.0   0.0 
1066.0   1002.0   0.0 
1066.0   1036.0   0.0 
1066.0   1070.0   0.0 
1066.0   1104.0   0.0 
1066.0   1138.0   0.0 
1066.0   1172.0   0.0 
1066.0   1206.0   0.0 
1066.0   1240.0   0.0 
1066.0   1274.0   0.0 
1066.0   1308.0   0.0 
1066.0   1342.0   0.0 
1066.0   1376.0   0.0 
1066.0   1410.0   0.0 
1100.0   50.0   6.43482537255e-08 
1100.0   84.0   1.52794127906e-07 
1100.0   118.0   4.68038113488e-07 
1100.0   152.0   1.60363778523e-06 
1100.0   186.0   1.15705841364e-06 
1100.0   220.0   1.60363778523e-06 
1100.0   254.0   1.85417719156e-06 
1100.0   288.0   0.0135909761427 
1100.0   322.0   0.00544620725133 
1100.0   356.0   0.0365068968301 
1100.0   390.0   0.0148788368542 
1100.0   424.0   0.059552827034 
1100.0   458.0   0.0341445440411 
1100.0   492.0   0.13591464786 
1100.0   526.0   0.417133401564 
1100.0   560.0   0.508126507058 
1100.0   594.0   1.0 
1100.0   628.0   1.0 
1100.0   662.0   1.0 
1100.0   696.0   1.0 
1100.0   730.0   1.0 
1100.0   764.0   1.0 
1100.0   798.0   1.0 
1100.0   832.0   1.0 
1100.0   866.0   1.0 
1100.0   900.0   0.305950452845 
1100.0   934.0   0.0 
1100.0   968.0   0.0 
1100.0   1002.0   0.0 
1100.0   1036.0   0.0 
1100.0   1070.0   0.0 
1100.0   1104.0   0.0 
1100.0   1138.0   0.0 
1100.0   1172.0   0.0 
1100.0   1206.0   0.0 
1100.0   1240.0   0.0 
1100.0   1274.0   0.0 
1100.0   1308.0   0.0 
1100.0   1342.0   0.0 
1100.0   1376.0   0.0 
1100.0   1410.0   0.0 
1134.0   50.0   1.2587494016e-06 
1134.0   84.0   2.56353524519e-07 
1134.0   118.0   1.35877992857e-07 
1134.0   152.0   4.31227567765e-07 
1134.0   186.0   5.43481955995e-07 
1134.0   220.0   2.67743664462e-06 
1134.0   254.0   4.93233767507e-06 
1134.0   288.0   1.33018990887e-05 
1134.0   322.0   0.14664395991 
1134.0   356.0   0.0770244855229 
1134.0   390.0   0.185799699254 
1134.0   424.0   0.179111598 
1134.0   458.0   0.297626401166 
1134.0   492.0   1.0 
1134.0   526.0   1.0 
1134.0   560.0   1.0 
1134.0   594.0   1.0 
1134.0   628.0   1.0 
1134.0   662.0   1.0 
1134.0   696.0   1.0 
1134.0   730.0   1.0 
1134.0   764.0   1.0 
1134.0   798.0   1.0 
1134.0   832.0   1.0 
1134.0   866.0   1.0 
1134.0   900.0   1.0 
1134.0   934.0   0.311380967251 
1134.0   968.0   0.0 
1134.0   1002.0   0.0 
1134.0   1036.0   0.0 
1134.0   1070.0   0.0 
1134.0   1104.0   0.0 
1134.0   1138.0   0.0 
1134.0   1172.0   0.0 
1134.0   1206.0   0.0 
1134.0   1240.0   0.0 
1134.0   1274.0   0.0 
1134.0   1308.0   0.0 
1134.0   1342.0   0.0 
1134.0   1376.0   0.0 
1134.0   1410.0   0.0 
1168.0   50.0   2.84705928566e-06 
1168.0   84.0   1.78520047256e-06 
1168.0   118.0   3.59639319614e-06 
1168.0   152.0   4.33612800355e-06 
1168.0   186.0   3.35287664033e-06 
1168.0   220.0   1.03166992973e-05 
1168.0   254.0   1.21591549387e-05 
1168.0   288.0   2.97306086411e-05 
1168.0   322.0   7.47365234521e-05 
1168.0   356.0   1.0 
1168.0   390.0   0.369182314646 
1168.0   424.0   0.74792802727 
1168.0   458.0   1.0 
1168.0   492.0   1.0 
1168.0   526.0   1.0 
1168.0   560.0   1.0 
1168.0   594.0   1.0 
1168.0   628.0   1.0 
1168.0   662.0   1.0 
1168.0   696.0   1.0 
1168.0   730.0   1.0 
1168.0   764.0   1.0 
1168.0   798.0   1.0 
1168.0   832.0   1.0 
1168.0   866.0   1.0 
1168.0   900.0   1.0 
1168.0   934.0   1.0 
1168.0   968.0   1.0 
1168.0   1002.0   0.0 
1168.0   1036.0   0.0 
1168.0   1070.0   0.0 
1168.0   1104.0   0.0 
1168.0   1138.0   0.0 
1168.0   1172.0   0.0 
1168.0   1206.0   0.0 
1168.0   1240.0   0.0 
1168.0   1274.0   0.0 
1168.0   1308.0   0.0 
1168.0   1342.0   0.0 
1168.0   1376.0   0.0 
1168.0   1410.0   0.0 
1202.0   50.0   3.79154366359e-06 
1202.0   84.0   7.19656542647e-06 
1202.0   118.0   1.96048601704e-05 
1202.0   152.0   1.34247495405e-05 
1202.0   186.0   3.0909565554e-05 
1202.0   220.0   2.28152795099e-05 
1202.0   254.0   0.000153467193518 
1202.0   288.0   6.49211160751e-05 
1202.0   322.0   0.000175520510671 
1202.0   356.0   0.000506555570223 
1202.0   390.0   1.0 
1202.0   424.0   1.0 
1202.0   458.0   1.0 
1202.0   492.0   1.0 
1202.0   526.0   1.0 
1202.0   560.0   1.0 
1202.0   594.0   1.0 
1202.0   628.0   1.0 
1202.0   662.0   1.0 
1202.0   696.0   1.0 
1202.0   730.0   1.0 
1202.0   764.0   1.0 
1202.0   798.0   1.0 
1202.0   832.0   1.0 
1202.0   866.0   1.0 
1202.0   900.0   1.0 
1202.0   934.0   1.0 
1202.0   968.0   1.0 
1202.0   1002.0   1.0 
1202.0   1036.0   0.0 
1202.0   1070.0   0.0 
1202.0   1104.0   0.0 
1202.0   1138.0   0.0 
1202.0   1172.0   0.0 
1202.0   1206.0   0.0 
1202.0   1240.0   0.0 
1202.0   1274.0   0.0 
1202.0   1308.0   0.0 
1202.0   1342.0   0.0 
1202.0   1376.0   0.0 
1202.0   1410.0   0.0 
1236.0   50.0   2.09801259399e-05 
1236.0   84.0   1.79991499106e-05 
1236.0   118.0   5.19404149996e-05 
1236.0   152.0   1.74560647555e-05 
1236.0   186.0   4.12324059352e-05 
1236.0   220.0   6.34610086129e-05 
1236.0   254.0   0.000139584921184 
1236.0   288.0   6.96137867574e-05 
1236.0   322.0   0.000263864359812 
1236.0   356.0   0.000643041488233 
1236.0   390.0   0.000826834081498 
1236.0   424.0   0.00124586904459 
1236.0   458.0   1.0 
1236.0   492.0   1.0 
1236.0   526.0   1.0 
1236.0   560.0   1.0 
1236.0   594.0   1.0 
1236.0   628.0   1.0 
1236.0   662.0   1.0 
1236.0   696.0   1.0 
1236.0   730.0   1.0 
1236.0   764.0   1.0 
1236.0   798.0   1.0 
1236.0   832.0   1.0 
1236.0   866.0   1.0 
1236.0   900.0   1.0 
1236.0   934.0   1.0 
1236.0   968.0   1.0 
1236.0   1002.0   1.0 
1236.0   1036.0   1.0 
1236.0   1070.0   0.0 
1236.0   1104.0   0.0 
1236.0   1138.0   0.0 
1236.0   1172.0   0.0 
1236.0   1206.0   0.0 
1236.0   1240.0   0.0 
1236.0   1274.0   0.0 
1236.0   1308.0   0.0 
1236.0   1342.0   0.0 
1236.0   1376.0   0.0 
1236.0   1410.0   0.0 
1270.0   50.0   5.49531121843e-05 
1270.0   84.0   7.14331184153e-05 
1270.0   118.0   6.54502518995e-05 
1270.0   152.0   8.29981448721e-05 
1270.0   186.0   8.7257848577e-05 
1270.0   220.0   0.000151482633402 
1270.0   254.0   0.000394825980434 
1270.0   288.0   0.000322517197252 
1270.0   322.0   0.000459618403061 
1270.0   356.0   0.00142885149783 
1270.0   390.0   0.00122520408519 
1270.0   424.0   0.00309709823076 
1270.0   458.0   1.0 
1270.0   492.0   1.0 
1270.0   526.0   1.0 
1270.0   560.0   1.0 
1270.0   594.0   1.0 
1270.0   628.0   1.0 
1270.0   662.0   1.0 
1270.0   696.0   1.0 
1270.0   730.0   1.0 
1270.0   764.0   1.0 
1270.0   798.0   1.0 
1270.0   832.0   1.0 
1270.0   866.0   1.0 
1270.0   900.0   1.0 
1270.0   934.0   1.0 
1270.0   968.0   1.0 
1270.0   1002.0   1.0 
1270.0   1036.0   1.0 
1270.0   1070.0   0.521458818511 
1270.0   1104.0   0.0 
1270.0   1138.0   0.0 
1270.0   1172.0   0.0 
1270.0   1206.0   0.0 
1270.0   1240.0   0.0 
1270.0   1274.0   0.0 
1270.0   1308.0   0.0 
1270.0   1342.0   0.0 
1270.0   1376.0   0.0 
1270.0   1410.0   0.0 
1304.0   50.0   0.000107194230618 
1304.0   84.0   0.000237440735413 
1304.0   118.0   0.000235025268757 
1304.0   152.0   0.000303556078853 
1304.0   186.0   0.000268454668242 
1304.0   220.0   0.000486778970287 
1304.0   254.0   0.000579894396698 
1304.0   288.0   0.000636275454532 
1304.0   322.0   0.00115950046479 
1304.0   356.0   0.00158410533291 
1304.0   390.0   0.00261680789604 
1304.0   424.0   0.00362598763776 
1304.0   458.0   0.00542190767497 
1304.0   492.0   0.00577911688639 
1304.0   526.0   1.0 
1304.0   560.0   1.0 
1304.0   594.0   1.0 
1304.0   628.0   1.0 
1304.0   662.0   1.0 
1304.0   696.0   1.0 
1304.0   730.0   1.0 
1304.0   764.0   1.0 
1304.0   798.0   1.0 
1304.0   832.0   1.0 
1304.0   866.0   1.0 
1304.0   900.0   1.0 
1304.0   934.0   1.0 
1304.0   968.0   1.0 
1304.0   1002.0   1.0 
1304.0   1036.0   1.0 
1304.0   1070.0   1.0 
1304.0   1104.0   1.0 
1304.0   1138.0   0.0 
1304.0   1172.0   0.0 
1304.0   1206.0   0.0 
1304.0   1240.0   0.0 
1304.0   1274.0   0.0 
1304.0   1308.0   0.0 
1304.0   1342.0   0.0 
1304.0   1376.0   0.0 
1304.0   1410.0   0.0 
1338.0   50.0   0.000660436297417 
1338.0   84.0   0.000456808068806 
1338.0   118.0   0.000835635395997 
1338.0   152.0   0.000607288707309 
1338.0   186.0   0.00087891480883 
1338.0   220.0   0.00104905349336 
1338.0   254.0   0.00116086512708 
1338.0   288.0   0.00134024084409 
1338.0   322.0   0.0022301816866 
1338.0   356.0   0.00238750941646 
1338.0   390.0   0.00308484788828 
1338.0   424.0   0.00544189763078 
1338.0   458.0   0.00763283298408 
1338.0   492.0   0.00885268774779 
1338.0   526.0   0.0174511730655 
1338.0   560.0   1.0 
1338.0   594.0   1.0 
1338.0   628.0   1.0 
1338.0   662.0   1.0 
1338.0   696.0   1.0 
1338.0   730.0   1.0 
1338.0   764.0   1.0 
1338.0   798.0   1.0 
1338.0   832.0   1.0 
1338.0   866.0   1.0 
1338.0   900.0   1.0 
1338.0   934.0   1.0 
1338.0   968.0   1.0 
1338.0   1002.0   1.0 
1338.0   1036.0   1.0 
1338.0   1070.0   1.0 
1338.0   1104.0   1.0 
1338.0   1138.0   1.0 
1338.0   1172.0   0.0 
1338.0   1206.0   0.0 
1338.0   1240.0   0.0 
1338.0   1274.0   0.0 
1338.0   1308.0   0.0 
1338.0   1342.0   0.0 
1338.0   1376.0   0.0 
1338.0   1410.0   0.0 
1372.0   50.0   0.00113998039614 
1372.0   84.0   0.0011799452176 
1372.0   118.0   0.00125549008147 
1372.0   152.0   0.00130855531012 
1372.0   186.0   0.00127293203971 
1372.0   220.0   0.00128174478234 
1372.0   254.0   0.00216919950262 
1372.0   288.0   0.00252785716298 
1372.0   322.0   0.00282603409319 
1372.0   356.0   0.00451764128461 
1372.0   390.0   0.00642815686724 
1372.0   424.0   0.00891268576678 
1372.0   458.0   0.00818247611141 
1372.0   492.0   0.0131234283365 
1372.0   526.0   0.0226252027383 
1372.0   560.0   1.0 
1372.0   594.0   1.0 
1372.0   628.0   1.0 
1372.0   662.0   1.0 
1372.0   696.0   1.0 
1372.0   730.0   1.0 
1372.0   764.0   1.0 
1372.0   798.0   1.0 
1372.0   832.0   1.0 
1372.0   866.0   1.0 
1372.0   900.0   1.0 
1372.0   934.0   1.0 
1372.0   968.0   1.0 
1372.0   1002.0   1.0 
1372.0   1036.0   1.0 
1372.0   1070.0   1.0 
1372.0   1104.0   1.0 
1372.0   1138.0   1.0 
1372.0   1172.0   0.579658637158 
1372.0   1206.0   0.0 
1372.0   1240.0   0.0 
1372.0   1274.0   0.0 
1372.0   1308.0   0.0 
1372.0   1342.0   0.0 
1372.0   1376.0   0.0 
1372.0   1410.0   0.0 
1406.0   50.0   0.00299991634001 
1406.0   84.0   0.00289885951239 
1406.0   118.0   0.00244306559322 
1406.0   152.0   0.00242919301182 
1406.0   186.0   0.00258629291207 
1406.0   220.0   0.00324986547036 
1406.0   254.0   0.00418216552258 
1406.0   288.0   0.00648326259653 
1406.0   322.0   0.00608324111269 
1406.0   356.0   0.00687020663565 
1406.0   390.0   0.00671267488322 
1406.0   424.0   0.01148064052 
1406.0   458.0   0.0145311922684 
1406.0   492.0   0.0253021387103 
1406.0   526.0   0.0207573599195 
1406.0   560.0   0.0338398140472 
1406.0   594.0   0.0389499799692 
1406.0   628.0   1.0 
1406.0   662.0   1.0 
1406.0   696.0   1.0 
1406.0   730.0   1.0 
1406.0   764.0   1.0 
1406.0   798.0   1.0 
1406.0   832.0   1.0 
1406.0   866.0   1.0 
1406.0   900.0   1.0 
1406.0   934.0   1.0 
1406.0   968.0   1.0 
1406.0   1002.0   1.0 
1406.0   1036.0   1.0 
1406.0   1070.0   1.0 
1406.0   1104.0   1.0 
1406.0   1138.0   1.0 
1406.0   1172.0   1.0 
1406.0   1206.0   0.653551756503 
1406.0   1240.0   0.0 
1406.0   1274.0   0.0 
1406.0   1308.0   0.0 
1406.0   1342.0   0.0 
1406.0   1376.0   0.0 
1406.0   1410.0   0.0 
1440.0   50.0   0.0054000286308 
1440.0   84.0   0.00446955697809 
1440.0   118.0   0.00571602158329 
1440.0   152.0   0.00432435223089 
1440.0   186.0   0.00517476620009 
1440.0   220.0   0.00649781780194 
1440.0   254.0   0.00801346330407 
1440.0   288.0   0.00848646673543 
1440.0   322.0   0.0101817426166 
1440.0   356.0   0.0117630818811 
1440.0   390.0   0.0151281374193 
1440.0   424.0   0.0173363132279 
1440.0   458.0   0.0225849677708 
1440.0   492.0   0.0237250745839 
1440.0   526.0   0.0408468872112 
1440.0   560.0   0.041470196834 
1440.0   594.0   0.0508082780035 
1440.0   628.0   0.0740799394541 
1440.0   662.0   1.0 
1440.0   696.0   1.0 
1440.0   730.0   1.0 
1440.0   764.0   1.0 
1440.0   798.0   1.0 
1440.0   832.0   1.0 
1440.0   866.0   1.0 
1440.0   900.0   1.0 
1440.0   934.0   1.0 
1440.0   968.0   1.0 
1440.0   1002.0   1.0 
1440.0   1036.0   1.0 
1440.0   1070.0   1.0 
1440.0   1104.0   1.0 
1440.0   1138.0   1.0 
1440.0   1172.0   1.0 
1440.0   1206.0   1.0 
1440.0   1240.0   1.0 
1440.0   1274.0   0.0 
1440.0   1308.0   0.0 
1440.0   1342.0   0.0 
1440.0   1376.0   0.0 
1440.0   1410.0   0.0 
1474.0   50.0   0.009582635018 
1474.0   84.0   0.00650126007625 
1474.0   118.0   0.00714017859624 
1474.0   152.0   0.00766120540341 
1474.0   186.0   0.0095074948004 
1474.0   220.0   0.00903357122509 
1474.0   254.0   0.00868552217621 
1474.0   288.0   0.0133568408833 
1474.0   322.0   0.014752991913 
1474.0   356.0   0.0215859722828 
1474.0   390.0   0.016170172003 
1474.0   424.0   0.0244667256796 
1474.0   458.0   0.0308531627859 
1474.0   492.0   0.0339015934811 
1474.0   526.0   0.0427173178496 
1474.0   560.0   0.0565347914503 
1474.0   594.0   0.0620473565706 
1474.0   628.0   0.0812583436516 
1474.0   662.0   1.0 
1474.0   696.0   1.0 
1474.0   730.0   1.0 
1474.0   764.0   1.0 
1474.0   798.0   1.0 
1474.0   832.0   1.0 
1474.0   866.0   1.0 
1474.0   900.0   1.0 
1474.0   934.0   1.0 
1474.0   968.0   1.0 
1474.0   1002.0   1.0 
1474.0   1036.0   1.0 
1474.0   1070.0   1.0 
1474.0   1104.0   1.0 
1474.0   1138.0   1.0 
1474.0   1172.0   1.0 
1474.0   1206.0   1.0 
1474.0   1240.0   1.0 
1474.0   1274.0   1.0 
1474.0   1308.0   0.0 
1474.0   1342.0   0.0 
1474.0   1376.0   0.0 
1474.0   1410.0   0.0 
1508.0   50.0   0.0157505085336 
1508.0   84.0   0.0148958041303 
1508.0   118.0   0.0135906907054 
1508.0   152.0   0.015544959271 
1508.0   186.0   0.0172700813115 
1508.0   220.0   0.0131106934126 
1508.0   254.0   0.0154432230567 
1508.0   288.0   0.0191934372457 
1508.0   322.0   0.0242130147038 
1508.0   356.0   0.0228806452191 
1508.0   390.0   0.032521366128 
1508.0   424.0   0.0382598596692 
1508.0   458.0   0.0357497457119 
1508.0   492.0   0.0434032336495 
1508.0   526.0   0.0531659472136 
1508.0   560.0   0.0637045711871 
1508.0   594.0   0.0751577065005 
1508.0   628.0   0.0954801934319 
1508.0   662.0   0.11537703488 
1508.0   696.0   1.0 
1508.0   730.0   1.0 
1508.0   764.0   1.0 
1508.0   798.0   1.0 
1508.0   832.0   1.0 
1508.0   866.0   1.0 
1508.0   900.0   1.0 
1508.0   934.0   1.0 
1508.0   968.0   1.0 
1508.0   1002.0   1.0 
1508.0   1036.0   1.0 
1508.0   1070.0   1.0 
1508.0   1104.0   1.0 
1508.0   1138.0   1.0 
1508.0   1172.0   1.0 
1508.0   1206.0   1.0 
1508.0   1240.0   1.0 
1508.0   1274.0   1.0 
1508.0   1308.0   0.777440416568 
1508.0   1342.0   0.0 
1508.0   1376.0   0.0 
1508.0   1410.0   0.0 
1542.0   50.0   0.0207964948372 
1542.0   84.0   0.0235310488561 
1542.0   118.0   0.0226424913877 
1542.0   152.0   0.0276158333049 
1542.0   186.0   0.0257715899407 
1542.0   220.0   0.0270111944926 
1542.0   254.0   0.0271610517688 
1542.0   288.0   0.0266403002752 
1542.0   322.0   0.0311161033502 
1542.0   356.0   0.0354763927033 
1542.0   390.0   0.0396902105667 
1542.0   424.0   0.0434382888223 
1542.0   458.0   0.0460988713943 
1542.0   492.0   0.0557998899384 
1542.0   526.0   0.0592685462547 
1542.0   560.0   0.0734427046755 
1542.0   594.0   0.0886499970727 
1542.0   628.0   0.0937961543973 
1542.0   662.0   0.124936876276 
1542.0   696.0   0.120437727825 
1542.0   730.0   0.15819700593 
1542.0   764.0   0.186150136244 
1542.0   798.0   1.0 
1542.0   832.0   1.0 
1542.0   866.0   1.0 
1542.0   900.0   1.0 
1542.0   934.0   1.0 
1542.0   968.0   1.0 
1542.0   1002.0   1.0 
1542.0   1036.0   1.0 
1542.0   1070.0   1.0 
1542.0   1104.0   1.0 
1542.0   1138.0   1.0 
1542.0   1172.0   1.0 
1542.0   1206.0   1.0 
1542.0   1240.0   1.0 
1542.0   1274.0   1.0 
1542.0   1308.0   1.0 
1542.0   1342.0   1.0 
1542.0   1376.0   0.0 
1542.0   1410.0   0.0 
1576.0   50.0   0.0329912781383 
1576.0   84.0   0.0347109902534 
1576.0   118.0   0.0403620934151 
1576.0   152.0   0.0366094142523 
1576.0   186.0   0.0372949495843 
1576.0   220.0   0.0352776187998 
1576.0   254.0   0.0435930556165 
1576.0   288.0   0.0415068599082 
1576.0   322.0   0.042387792036 
1576.0   356.0   0.0511404559308 
1576.0   390.0   0.0547684108699 
1576.0   424.0   0.0599405026597 
1576.0   458.0   0.0646990135111 
1576.0   492.0   0.0695274306372 
1576.0   526.0   0.0894990060226 
1576.0   560.0   0.0858505504806 
1576.0   594.0   0.106136557746 
1576.0   628.0   0.129804602133 
1576.0   662.0   0.122142123708 
1576.0   696.0   0.165464998362 
1576.0   730.0   0.187403029963 
1576.0   764.0   1.0 
1576.0   798.0   1.0 
1576.0   832.0   1.0 
1576.0   866.0   1.0 
1576.0   900.0   1.0 
1576.0   934.0   1.0 
1576.0   968.0   1.0 
1576.0   1002.0   1.0 
1576.0   1036.0   1.0 
1576.0   1070.0   1.0 
1576.0   1104.0   1.0 
1576.0   1138.0   1.0 
1576.0   1172.0   1.0 
1576.0   1206.0   1.0 
1576.0   1240.0   1.0 
1576.0   1274.0   1.0 
1576.0   1308.0   1.0 
1576.0   1342.0   1.0 
1576.0   1376.0   1.0 
1576.0   1410.0   0.0 
1610.0   50.0   0.0524747718177 
1610.0   84.0   0.0554358955642 
1610.0   118.0   0.0553271467134 
1610.0   152.0   0.0546793856503 
1610.0   186.0   0.0581150831649 
1610.0   220.0   0.0550022552417 
1610.0   254.0   0.0523721664302 
1610.0   288.0   0.0581150831649 
1610.0   322.0   0.05962343002 
1610.0   356.0   0.0604528088783 
1610.0   390.0   0.0728652737487 
1610.0   424.0   0.0721406313695 
1610.0   458.0   0.0821982998513 
1610.0   492.0   0.093977923714 
1610.0   526.0   0.103694632486 
1610.0   560.0   0.104984479845 
1610.0   594.0   0.122944633613 
1610.0   628.0   0.1357421059 
1610.0   662.0   0.160070342779 
1610.0   696.0   0.163578183188 
1610.0   730.0   0.202623829119 
1610.0   764.0   0.201263861484 
1610.0   798.0   1.0 
1610.0   832.0   1.0 
1610.0   866.0   1.0 
1610.0   900.0   1.0 
1610.0   934.0   1.0 
1610.0   968.0   1.0 
1610.0   1002.0   1.0 
1610.0   1036.0   1.0 
1610.0   1070.0   1.0 
1610.0   1104.0   1.0 
1610.0   1138.0   1.0 
1610.0   1172.0   1.0 
1610.0   1206.0   1.0 
1610.0   1240.0   1.0 
1610.0   1274.0   1.0 
1610.0   1308.0   1.0 
1610.0   1342.0   1.0 
1610.0   1376.0   1.0 
1610.0   1410.0   1.0 
1644.0   50.0   0.0710855771201 
1644.0   84.0   0.0709678844818 
1644.0   118.0   0.0742202234639 
1644.0   152.0   0.0684307389677 
1644.0   186.0   0.0808088194563 
1644.0   220.0   0.0794689287044 
1644.0   254.0   0.0814878814263 
1644.0   288.0   0.0790716449507 
1644.0   322.0   0.0908999312754 
1644.0   356.0   0.0841250364639 
1644.0   390.0   0.0964511536001 
1644.0   424.0   0.098104227335 
1644.0   458.0   0.0969438646433 
1644.0   492.0   0.117261699799 
1644.0   526.0   0.127243418886 
1644.0   560.0   0.129034650041 
1644.0   594.0   0.14340318693 
1644.0   628.0   0.158740628291 
1644.0   662.0   0.173114648495 
1644.0   696.0   0.173745192495 
1644.0   730.0   0.210138813227 
1644.0   764.0   0.232342268261 
1644.0   798.0   0.25295426667 
1644.0   832.0   0.28086318611 
1644.0   866.0   1.0 
1644.0   900.0   1.0 
1644.0   934.0   1.0 
1644.0   968.0   1.0 
1644.0   1002.0   1.0 
1644.0   1036.0   1.0 
1644.0   1070.0   1.0 
1644.0   1104.0   1.0 
1644.0   1138.0   1.0 
1644.0   1172.0   1.0 
1644.0   1206.0   1.0 
1644.0   1240.0   1.0 
1644.0   1274.0   1.0 
1644.0   1308.0   1.0 
1644.0   1342.0   1.0 
1644.0   1376.0   1.0 
1644.0   1410.0   1.0 
1678.0   50.0   0.0993754679204 
1678.0   84.0   0.0982568767241 
1678.0   118.0   0.0960606666078 
1678.0   152.0   0.100365644546 
1678.0   186.0   0.0944486116668 
1678.0   220.0   0.0982568767241 
1678.0   254.0   0.110251154928 
1678.0   288.0   0.111840071623 
1678.0   322.0   0.106994588082 
1678.0   356.0   0.116090579502 
1678.0   390.0   0.11692824737 
1678.0   424.0   0.123875486908 
1678.0   458.0   0.124595000477 
1678.0   492.0   0.124054931814 
1678.0   526.0   0.145685491759 
1678.0   560.0   0.159968283301 
1678.0   594.0   0.16335429237 
1678.0   628.0   0.175868224755 
1678.0   662.0   0.185767803986 
1678.0   696.0   0.212167111899 
1678.0   730.0   0.218582582198 
1678.0   764.0   0.238125524033 
1678.0   798.0   0.242751086373 
1678.0   832.0   0.299735390606 
1678.0   866.0   0.300752918149 
1678.0   900.0   1.0 
1678.0   934.0   1.0 
1678.0   968.0   1.0 
1678.0   1002.0   1.0 
1678.0   1036.0   1.0 
1678.0   1070.0   1.0 
1678.0   1104.0   1.0 
1678.0   1138.0   1.0 
1678.0   1172.0   1.0 
1678.0   1206.0   1.0 
1678.0   1240.0   1.0 
1678.0   1274.0   1.0 
1678.0   1308.0   1.0 
1678.0   1342.0   1.0 
1678.0   1376.0   1.0 
1678.0   1410.0   1.0 
1712.0   50.0   0.126197111587 
1712.0   84.0   0.130230604396 
1712.0   118.0   0.123337412975 
1712.0   152.0   0.127577366008 
1712.0   186.0   0.129915290262 
1712.0   220.0   0.132461855503 
1712.0   254.0   0.132784074959 
1712.0   288.0   0.136719833021 
1712.0   322.0   0.138906123489 
1712.0   356.0   0.141304560199 
1712.0   390.0   0.139586694885 
1712.0   424.0   0.139245942645 
1712.0   458.0   0.146602510319 
1712.0   492.0   0.164715561987 
1712.0   526.0   0.180555667585 
1712.0   560.0   0.177162590015 
1712.0   594.0   0.185433138818 
1712.0   628.0   0.210878327525 
1712.0   662.0   0.22662724729 
1712.0   696.0   0.231470659137 
1712.0   730.0   0.259062919979 
1712.0   764.0   0.275893073989 
1712.0   798.0   0.282066471571 
1712.0   832.0   0.320748427966 
1712.0   866.0   0.329682589597 
1712.0   900.0   0.363441323893 
1712.0   934.0   1.0 
1712.0   968.0   1.0 
1712.0   1002.0   1.0 
1712.0   1036.0   1.0 
1712.0   1070.0   1.0 
1712.0   1104.0   1.0 
1712.0   1138.0   1.0 
1712.0   1172.0   1.0 
1712.0   1206.0   1.0 
1712.0   1240.0   1.0 
1712.0   1274.0   1.0 
1712.0   1308.0   1.0 
1712.0   1342.0   1.0 
1712.0   1376.0   1.0 
1712.0   1410.0   1.0 
1746.0   50.0   0.169879027966 
1746.0   84.0   0.163952117942 
1746.0   118.0   0.158260278388 
1746.0   152.0   0.152163066183 
1746.0   186.0   0.157932538699 
1746.0   220.0   0.155338217141 
1746.0   254.0   0.162085479593 
1746.0   288.0   0.163440611845 
1746.0   322.0   0.169701240185 
1746.0   356.0   0.164636973565 
1746.0   390.0   0.17661019543 
1746.0   424.0   0.168110717528 
1746.0   458.0   0.182874265348 
1746.0   492.0   0.186003786058 
1746.0   526.0   0.212269684274 
1746.0   560.0   0.201314950898 
1746.0   594.0   0.221254150843 
1746.0   628.0   0.214591225773 
1746.0   662.0   0.238231614016 
1746.0   696.0   0.260330786486 
1746.0   730.0   0.272484501992 
1746.0   764.0   0.306153796511 
1746.0   798.0   0.307608576913 
1746.0   832.0   0.334599268308 
1746.0   866.0   0.352759750332 
1746.0   900.0   0.365773024031 
1746.0   934.0   0.412367793373 
1746.0   968.0   1.0 
1746.0   1002.0   1.0 
1746.0   1036.0   1.0 
1746.0   1070.0   1.0 
1746.0   1104.0   1.0 
1746.0   1138.0   1.0 
1746.0   1172.0   1.0 
1746.0   1206.0   1.0 
1746.0   1240.0   1.0 
1746.0   1274.0   1.0 
1746.0   1308.0   1.0 
1746.0   1342.0   1.0 
1746.0   1376.0   1.0 
1746.0   1410.0   1.0 
1780.0   50.0   0.19531421335 
1780.0   84.0   0.196013143307 
1780.0   118.0   0.196013143307 
1780.0   152.0   0.191351465222 
1780.0   186.0   0.192547490752 
1780.0   220.0   0.188650080419 
1780.0   254.0   0.184680775483 
1780.0   288.0   0.207605618693 
1780.0   322.0   0.197773325111 
1780.0   356.0   0.198127581346 
1780.0   390.0   0.208921942904 
1780.0   424.0   0.205371794694 
1780.0   458.0   0.213510727125 
1780.0   492.0   0.228434813267 
1780.0   526.0   0.238565808502 
1780.0   560.0   0.236146811005 
1780.0   594.0   0.241463527105 
1780.0   628.0   0.270100625104 
1780.0   662.0   0.270616862293 
1780.0   696.0   0.288651160124 
1780.0   730.0   0.290339421816 
1780.0   764.0   0.307330353089 
1780.0   798.0   0.32497980832 
1780.0   832.0   0.348263445307 
1780.0   866.0   0.359628625911 
1780.0   900.0   0.400018445348 
1780.0   934.0   0.441237389342 
1780.0   968.0   0.45202493744 
1780.0   1002.0   1.0 
1780.0   1036.0   1.0 
1780.0   1070.0   1.0 
1780.0   1104.0   1.0 
1780.0   1138.0   1.0 
1780.0   1172.0   1.0 
1780.0   1206.0   1.0 
1780.0   1240.0   1.0 
1780.0   1274.0   1.0 
1780.0   1308.0   1.0 
1780.0   1342.0   1.0 
1780.0   1376.0   1.0 
1780.0   1410.0   1.0 
1814.0   50.0   0.241700198714 
1814.0   84.0   0.238717340114 
1814.0   118.0   0.223768310898 
1814.0   152.0   0.224970174754 
1814.0   186.0   0.228447012032 
1814.0   220.0   0.226526827698 
1814.0   254.0   0.228447012032 
1814.0   288.0   0.236692534769 
1814.0   322.0   0.228974092053 
1814.0   356.0   0.232704964114 
1814.0   390.0   0.24415722536 
1814.0   424.0   0.233604051471 
1814.0   458.0   0.250140496555 
1814.0   492.0   0.258332866218 
1814.0   526.0   0.260175273689 
1814.0   560.0   0.282929299641 
1814.0   594.0   0.288010207583 
1814.0   628.0   0.289651133903 
1814.0   662.0   0.30296945103 
1814.0   696.0   0.308517352351 
1814.0   730.0   0.332366413827 
1814.0   764.0   0.321627308347 
1814.0   798.0   0.348341007537 
1814.0   832.0   0.379847359761 
1814.0   866.0   0.384620532777 
1814.0   900.0   0.4124764375 
1814.0   934.0   0.426523441146 
1814.0   968.0   0.470080038455 
1814.0   1002.0   0.471947633458 
1814.0   1036.0   1.0 
1814.0   1070.0   1.0 
1814.0   1104.0   1.0 
1814.0   1138.0   1.0 
1814.0   1172.0   1.0 
1814.0   1206.0   1.0 
1814.0   1240.0   1.0 
1814.0   1274.0   1.0 
1814.0   1308.0   1.0 
1814.0   1342.0   1.0 
1814.0   1376.0   1.0 
1814.0   1410.0   1.0 
1848.0   50.0   0.265198910315 
1848.0   84.0   0.278097298617 
1848.0   118.0   0.256729933954 
1848.0   152.0   0.256899396673 
1848.0   186.0   0.274570008177 
1848.0   220.0   0.265551889286 
1848.0   254.0   0.274570008177 
1848.0   288.0   0.263617705216 
1848.0   322.0   0.277910235707 
1848.0   356.0   0.276233775201 
1848.0   390.0   0.300511900195 
1848.0   424.0   0.292592947064 
1848.0   458.0   0.284938702352 
1848.0   492.0   0.297433981138 
1848.0   526.0   0.301754545664 
1848.0   560.0   0.313679715728 
1848.0   594.0   0.314335728868 
1848.0   628.0   0.311939065087 
1848.0   662.0   0.331809001204 
1848.0   696.0   0.333934592486 
1848.0   730.0   0.350854737836 
1848.0   764.0   0.353658820549 
1848.0   798.0   0.372245927348 
1848.0   832.0   0.391636889762 
1848.0   866.0   0.41896001906 
1848.0   900.0   0.440647513275 
1848.0   934.0   0.449224635036 
1848.0   968.0   0.469507782905 
1848.0   1002.0   0.494256090914 
1848.0   1036.0   0.521279419314 
1848.0   1070.0   1.0 
1848.0   1104.0   1.0 
1848.0   1138.0   1.0 
1848.0   1172.0   1.0 
1848.0   1206.0   1.0 
1848.0   1240.0   1.0 
1848.0   1274.0   1.0 
1848.0   1308.0   1.0 
1848.0   1342.0   1.0 
1848.0   1376.0   1.0 
1848.0   1410.0   1.0 
1882.0   50.0   0.297252597623 
1882.0   84.0   0.298619345519 
1882.0   118.0   0.295386401513 
1882.0   152.0   0.300684658072 
1882.0   186.0   0.312198560671 
1882.0   220.0   0.308060078212 
1882.0   254.0   0.313290061506 
1882.0   288.0   0.308774666476 
1882.0   322.0   0.306637329505 
1882.0   356.0   0.31238013253 
1882.0   390.0   0.318264036381 
1882.0   424.0   0.324485154896 
1882.0   458.0   0.309132768271 
1882.0   492.0   0.319757667998 
1882.0   526.0   0.333032696205 
1882.0   560.0   0.342498288635 
1882.0   594.0   0.348940819241 
1882.0   628.0   0.353184882515 
1882.0   662.0   0.37226573753 
1882.0   696.0   0.369518840123 
1882.0   730.0   0.383304803377 
1882.0   764.0   0.386439783724 
1882.0   798.0   0.400627712943 
1882.0   832.0   0.414239962831 
1882.0   866.0   0.442131410372 
1882.0   900.0   0.460461727793 
1882.0   934.0   0.471387742036 
1882.0   968.0   0.486507194792 
1882.0   1002.0   0.51206685382 
1882.0   1036.0   0.524745437024 
1882.0   1070.0   0.546744666231 
1882.0   1104.0   1.0 
1882.0   1138.0   1.0 
1882.0   1172.0   1.0 
1882.0   1206.0   1.0 
1882.0   1240.0   1.0 
1882.0   1274.0   1.0 
1882.0   1308.0   1.0 
1882.0   1342.0   1.0 
1882.0   1376.0   1.0 
1882.0   1410.0   1.0 
1916.0   50.0   0.344728865101 
1916.0   84.0   0.336023059329 
1916.0   118.0   0.339741800714 
1916.0   152.0   0.334517476209 
1916.0   186.0   0.33838317039 
1916.0   220.0   0.355004708966 
1916.0   254.0   0.353742555857 
1916.0   288.0   0.342653355775 
1916.0   322.0   0.340936625609 
1916.0   356.0   0.351058510579 
1916.0   390.0   0.344035146107 
1916.0   424.0   0.345076434052 
1916.0   458.0   0.366081462087 
1916.0   492.0   0.36215106671 
1916.0   526.0   0.374511057209 
1916.0   560.0   0.366081462087 
1916.0   594.0   0.388904412121 
1916.0   628.0   0.371992536657 
1916.0   662.0   0.396397873285 
1916.0   696.0   0.403451252823 
1916.0   730.0   0.410466878052 
1916.0   764.0   0.421332156567 
1916.0   798.0   0.433595235745 
1916.0   832.0   0.448941011988 
1916.0   866.0   0.467038082871 
1916.0   900.0   0.470030225226 
1916.0   934.0   0.4874929396 
1916.0   968.0   0.520957959996 
1916.0   1002.0   0.515801448692 
1916.0   1036.0   0.543937815546 
1916.0   1070.0   0.571170899841 
1916.0   1104.0   0.582576492881 
1916.0   1138.0   1.0 
1916.0   1172.0   1.0 
1916.0   1206.0   1.0 
1916.0   1240.0   1.0 
1916.0   1274.0   1.0 
1916.0   1308.0   1.0 
1916.0   1342.0   1.0 
1916.0   1376.0   1.0 
1916.0   1410.0   1.0 
1950.0   50.0   0.375344540856 
1950.0   84.0   0.379639188665 
1950.0   118.0   0.38265312069 
1950.0   152.0   0.389300864085 
1950.0   186.0   0.387580728893 
1950.0   220.0   0.382484793326 
1950.0   254.0   0.382484793326 
1950.0   288.0   0.370473432229 
1950.0   322.0   0.385530838381 
1950.0   356.0   0.393824674146 
1950.0   390.0   0.379306380257 
1950.0   424.0   0.402196630942 
1950.0   458.0   0.397356121195 
1950.0   492.0   0.408600105094 
1950.0   526.0   0.397889776032 
1950.0   560.0   0.410643470532 
1950.0   594.0   0.420124349442 
1950.0   628.0   0.425970121612 
1950.0   662.0   0.426758769251 
1950.0   696.0   0.429735887253 
1950.0   730.0   0.4442655822 
1950.0   764.0   0.456267919078 
1950.0   798.0   0.447007639721 
1950.0   832.0   0.464255192012 
1950.0   866.0   0.482590212416 
1950.0   900.0   0.496319062892 
1950.0   934.0   0.511775667773 
1950.0   968.0   0.520635164946 
1950.0   1002.0   0.547136863435 
1950.0   1036.0   0.569753090569 
1950.0   1070.0   0.580915786493 
1950.0   1104.0   0.607546842252 
1950.0   1138.0   0.623795575904 
1950.0   1172.0   1.0 
1950.0   1206.0   1.0 
1950.0   1240.0   1.0 
1950.0   1274.0   1.0 
1950.0   1308.0   1.0 
1950.0   1342.0   1.0 
1950.0   1376.0   1.0 
1950.0   1410.0   1.0 
1984.0   50.0   0.410660752636 
1984.0   84.0   0.418942462686 
1984.0   118.0   0.42334081521 
1984.0   152.0   0.42631157445 
1984.0   186.0   0.419104146206 
1984.0   220.0   0.420888819791 
1984.0   254.0   0.425317851718 
1984.0   288.0   0.420888819791 
1984.0   322.0   0.420888819791 
1984.0   356.0   0.42301264931 
1984.0   390.0   0.4176523295 
1984.0   424.0   0.419589754812 
1984.0   458.0   0.439556400134 
1984.0   492.0   0.431502017937 
1984.0   526.0   0.438688678105 
1984.0   560.0   0.438688678105 
1984.0   594.0   0.445172888356 
1984.0   628.0   0.448919268772 
1984.0   662.0   0.451082129546 
1984.0   696.0   0.456192686156 
1984.0   730.0   0.468223657621 
1984.0   764.0   0.482178432438 
1984.0   798.0   0.490343240095 
1984.0   832.0   0.498315677054 
1984.0   866.0   0.506072933915 
1984.0   900.0   0.524078428728 
1984.0   934.0   0.514264164536 
1984.0   968.0   0.546241576732 
1984.0   1002.0   0.549006688845 
1984.0   1036.0   0.582695021318 
1984.0   1070.0   0.603861365828 
1984.0   1104.0   0.624093171884 
1984.0   1138.0   0.624093171884 
1984.0   1172.0   0.646615701295 
1984.0   1206.0   1.0 
1984.0   1240.0   1.0 
1984.0   1274.0   1.0 
1984.0   1308.0   1.0 
1984.0   1342.0   1.0 
1984.0   1376.0   1.0 
1984.0   1410.0   1.0 
2018.0   50.0   0.453257522913 
2018.0   84.0   0.450053278526 
2018.0   118.0   0.45264444403 
2018.0   152.0   0.451269754423 
2018.0   186.0   0.453257522913 
2018.0   220.0   0.464680316843 
2018.0   254.0   0.452950820921 
2018.0   288.0   0.454795931452 
2018.0   322.0   0.456963535406 
2018.0   356.0   0.460875041959 
2018.0   390.0   0.472279531719 
2018.0   424.0   0.458990935201 
2018.0   458.0   0.461190252011 
2018.0   492.0   0.469832666876 
2018.0   526.0   0.466923266743 
2018.0   560.0   0.471135108486 
2018.0   594.0   0.489657704677 
2018.0   628.0   0.486030022337 
2018.0   662.0   0.479241793628 
2018.0   696.0   0.491226240661 
2018.0   730.0   0.507573837492 
2018.0   764.0   0.512791858347 
2018.0   798.0   0.506283626673 
2018.0   832.0   0.518486914292 
2018.0   866.0   0.532821987618 
2018.0   900.0   0.545569281548 
2018.0   934.0   0.560437157913 
2018.0   968.0   0.571473309066 
2018.0   1002.0   0.572392916012 
2018.0   1036.0   0.582944020667 
2018.0   1070.0   0.606571950066 
2018.0   1104.0   0.622571821175 
2018.0   1138.0   0.641591475811 
2018.0   1172.0   0.65825541098 
2018.0   1206.0   0.675026031393 
2018.0   1240.0   1.0 
2018.0   1274.0   1.0 
2018.0   1308.0   1.0 
2018.0   1342.0   1.0 
2018.0   1376.0   1.0 
2018.0   1410.0   1.0 
