0.0   0.0   1.0 
0.0   66.6666666667   1.0 
0.0   133.333333333   0.0 
0.0   200.0   0.0 
0.0   266.666666667   0.0 
0.0   333.333333333   0.0 
0.0   400.0   0.0 
0.0   466.666666667   0.0 
0.0   533.333333333   0.0 
0.0   600.0   0.0 
0.0   666.666666667   0.0 
0.0   733.333333333   0.0 
0.0   800.0   0.0 
0.0   866.666666667   0.0 
0.0   933.333333333   0.0 
0.0   1000.0   0.0 
0.0   1066.66666667   0.0 
0.0   1133.33333333   0.0 
0.0   1200.0   0.0 
0.0   1266.66666667   0.0 
0.0   1333.33333333   0.0 
0.0   1400.0   0.0 
0.0   1466.66666667   0.0 
0.0   1533.33333333   0.0 
0.0   1600.0   0.0 
0.0   1666.66666667   0.0 
0.0   1733.33333333   0.0 
0.0   1800.0   0.0 
0.0   1866.66666667   0.0 
0.0   1933.33333333   0.0 
0.0   2000.0   0.989244582247 
66.6666666667   0.0   1.0 
66.6666666667   66.6666666667   1.0 
66.6666666667   133.333333333   0.0 
66.6666666667   200.0   0.0 
66.6666666667   266.666666667   0.0 
66.6666666667   333.333333333   0.0 
66.6666666667   400.0   0.0 
66.6666666667   466.666666667   0.0 
66.6666666667   533.333333333   0.0 
66.6666666667   600.0   0.0 
66.6666666667   666.666666667   0.0 
66.6666666667   733.333333333   0.0 
66.6666666667   800.0   0.0 
66.6666666667   866.666666667   0.0 
66.6666666667   933.333333333   0.0 
66.6666666667   1000.0   0.0 
66.6666666667   1066.66666667   0.0 
66.6666666667   1133.33333333   0.0 
66.6666666667   1200.0   0.0 
66.6666666667   1266.66666667   0.0 
66.6666666667   1333.33333333   0.0 
66.6666666667   1400.0   0.0 
66.6666666667   1466.66666667   0.0 
66.6666666667   1533.33333333   0.0 
66.6666666667   1600.0   0.0 
66.6666666667   1666.66666667   0.0 
66.6666666667   1733.33333333   0.0 
66.6666666667   1800.0   0.0 
66.6666666667   1866.66666667   0.0 
66.6666666667   1933.33333333   0.992476626558 
66.6666666667   2000.0   0.975238560965 
133.333333333   0.0   1.0 
133.333333333   66.6666666667   1.0 
133.333333333   133.333333333   0.0 
133.333333333   200.0   0.0 
133.333333333   266.666666667   0.0 
133.333333333   333.333333333   0.0 
133.333333333   400.0   0.0 
133.333333333   466.666666667   0.0 
133.333333333   533.333333333   0.0 
133.333333333   600.0   0.0 
133.333333333   666.666666667   0.0 
133.333333333   733.333333333   0.0 
133.333333333   800.0   0.0 
133.333333333   866.666666667   0.0 
133.333333333   933.333333333   0.0 
133.333333333   1000.0   0.0 
133.333333333   1066.66666667   0.0 
133.333333333   1133.33333333   0.0 
133.333333333   1200.0   0.0 
133.333333333   1266.66666667   0.0 
133.333333333   1333.33333333   0.0 
133.333333333   1400.0   0.0 
133.333333333   1466.66666667   0.0 
133.333333333   1533.33333333   0.0 
133.333333333   1600.0   0.0 
133.333333333   1666.66666667   0.0 
133.333333333   1733.33333333   0.0 
133.333333333   1800.0   0.0 
133.333333333   1866.66666667   0.0 
133.333333333   1933.33333333   0.943008860798 
133.333333333   2000.0   0.97298427333 
200.0   0.0   1.0 
200.0   66.6666666667   1.0 
200.0   133.333333333   0.0 
200.0   200.0   0.0 
200.0   266.666666667   0.0 
200.0   333.333333333   0.0 
200.0   400.0   0.0 
200.0   466.666666667   0.0 
200.0   533.333333333   0.0 
200.0   600.0   0.0 
200.0   666.666666667   0.0 
200.0   733.333333333   0.0 
200.0   800.0   0.0 
200.0   866.666666667   0.0 
200.0   933.333333333   0.0 
200.0   1000.0   0.0 
200.0   1066.66666667   0.0 
200.0   1133.33333333   0.0 
200.0   1200.0   0.0 
200.0   1266.66666667   0.0 
200.0   1333.33333333   0.0 
200.0   1400.0   0.0 
200.0   1466.66666667   0.0 
200.0   1533.33333333   0.0 
200.0   1600.0   0.0 
200.0   1666.66666667   0.0 
200.0   1733.33333333   0.0 
200.0   1800.0   0.0 
200.0   1866.66666667   0.972456436369 
200.0   1933.33333333   0.976921009753 
200.0   2000.0   0.97612615866 
266.666666667   0.0   1.0 
266.666666667   66.6666666667   1.0 
266.666666667   133.333333333   0.0 
266.666666667   200.0   0.0 
266.666666667   266.666666667   0.0 
266.666666667   333.333333333   0.0 
266.666666667   400.0   0.0 
266.666666667   466.666666667   0.0 
266.666666667   533.333333333   0.0 
266.666666667   600.0   0.0 
266.666666667   666.666666667   0.0 
266.666666667   733.333333333   0.0 
266.666666667   800.0   0.0 
266.666666667   866.666666667   0.0 
266.666666667   933.333333333   0.0 
266.666666667   1000.0   0.0 
266.666666667   1066.66666667   0.0 
266.666666667   1133.33333333   0.0 
266.666666667   1200.0   0.0 
266.666666667   1266.66666667   0.0 
266.666666667   1333.33333333   0.0 
266.666666667   1400.0   0.0 
266.666666667   1466.66666667   0.0 
266.666666667   1533.33333333   0.0 
266.666666667   1600.0   0.0 
266.666666667   1666.66666667   0.0 
266.666666667   1733.33333333   0.0 
266.666666667   1800.0   0.954836803015 
266.666666667   1866.66666667   0.958460430579 
266.666666667   1933.33333333   0.968941740715 
266.666666667   2000.0   0.977463230194 
333.333333333   0.0   1.0 
333.333333333   66.6666666667   1.0 
333.333333333   133.333333333   0.0 
333.333333333   200.0   0.0 
333.333333333   266.666666667   0.0 
333.333333333   333.333333333   0.0 
333.333333333   400.0   0.0 
333.333333333   466.666666667   0.0 
333.333333333   533.333333333   0.0 
333.333333333   600.0   0.0 
333.333333333   666.666666667   0.0 
333.333333333   733.333333333   0.0 
333.333333333   800.0   0.0 
333.333333333   866.666666667   0.0 
333.333333333   933.333333333   0.0 
333.333333333   1000.0   0.0 
333.333333333   1066.66666667   0.0 
333.333333333   1133.33333333   0.0 
333.333333333   1200.0   0.0 
333.333333333   1266.66666667   0.0 
333.333333333   1333.33333333   0.0 
333.333333333   1400.0   0.0 
333.333333333   1466.66666667   0.0 
333.333333333   1533.33333333   0.0 
333.333333333   1600.0   0.0 
333.333333333   1666.66666667   0.893838007403 
333.333333333   1733.33333333   0.913818358292 
333.333333333   1800.0   0.967888678373 
333.333333333   1866.66666667   0.969787491902 
333.333333333   1933.33333333   0.980543414899 
333.333333333   2000.0   0.987778568409 
400.0   0.0   1.0 
400.0   66.6666666667   1.0 
400.0   133.333333333   0.0 
400.0   200.0   0.0 
400.0   266.666666667   0.0 
400.0   333.333333333   0.0 
400.0   400.0   0.0 
400.0   466.666666667   0.0 
400.0   533.333333333   0.0 
400.0   600.0   0.0 
400.0   666.666666667   0.0 
400.0   733.333333333   0.0 
400.0   800.0   0.0 
400.0   866.666666667   0.0 
400.0   933.333333333   0.0 
400.0   1000.0   0.0 
400.0   1066.66666667   0.0 
400.0   1133.33333333   0.0 
400.0   1200.0   0.0 
400.0   1266.66666667   0.0 
400.0   1333.33333333   0.0 
400.0   1400.0   0.0 
400.0   1466.66666667   0.0 
400.0   1533.33333333   0.844252481859 
400.0   1600.0   0.913925153683 
400.0   1666.66666667   0.931877565887 
400.0   1733.33333333   0.933583792854 
400.0   1800.0   0.967775918167 
400.0   1866.66666667   0.962840002353 
400.0   1933.33333333   0.969507899808 
400.0   2000.0   0.986716135754 
466.666666667   0.0   1.0 
466.666666667   66.6666666667   1.0 
466.666666667   133.333333333   0.0 
466.666666667   200.0   0.0 
466.666666667   266.666666667   0.0 
466.666666667   333.333333333   0.0 
466.666666667   400.0   0.0 
466.666666667   466.666666667   0.0 
466.666666667   533.333333333   0.0 
466.666666667   600.0   0.0 
466.666666667   666.666666667   0.0 
466.666666667   733.333333333   0.0 
466.666666667   800.0   0.0 
466.666666667   866.666666667   0.0 
466.666666667   933.333333333   0.0 
466.666666667   1000.0   0.0 
466.666666667   1066.66666667   0.0 
466.666666667   1133.33333333   0.0 
466.666666667   1200.0   0.0 
466.666666667   1266.66666667   0.0 
466.666666667   1333.33333333   0.857903308415 
466.666666667   1400.0   0.848997480741 
466.666666667   1466.66666667   0.898986033703 
466.666666667   1533.33333333   0.894658659041 
466.666666667   1600.0   0.911795779472 
466.666666667   1666.66666667   0.946066031146 
466.666666667   1733.33333333   0.957878923691 
466.666666667   1800.0   0.969648263536 
466.666666667   1866.66666667   0.979776448754 
466.666666667   1933.33333333   0.977248489475 
466.666666667   2000.0   0.982865411777 
533.333333333   0.0   1.0 
533.333333333   66.6666666667   1.0 
533.333333333   133.333333333   0.0 
533.333333333   200.0   0.0 
533.333333333   266.666666667   0.0 
533.333333333   333.333333333   0.0 
533.333333333   400.0   0.0 
533.333333333   466.666666667   0.0 
533.333333333   533.333333333   0.0 
533.333333333   600.0   0.0 
533.333333333   666.666666667   0.0 
533.333333333   733.333333333   0.0 
533.333333333   800.0   0.0 
533.333333333   866.666666667   0.0 
533.333333333   933.333333333   0.0 
533.333333333   1000.0   0.66549392712 
533.333333333   1066.66666667   0.798915294989 
533.333333333   1133.33333333   0.843678149969 
533.333333333   1200.0   0.886250990793 
533.333333333   1266.66666667   0.889133535193 
533.333333333   1333.33333333   0.860057957125 
533.333333333   1400.0   0.914708608605 
533.333333333   1466.66666667   0.897268330067 
533.333333333   1533.33333333   0.928096850586 
533.333333333   1600.0   0.916691157568 
533.333333333   1666.66666667   0.93333872007 
533.333333333   1733.33333333   0.962233456003 
533.333333333   1800.0   0.974558923927 
533.333333333   1866.66666667   0.972365904889 
533.333333333   1933.33333333   0.979966951086 
533.333333333   2000.0   0.986245115877 
600.0   0.0   1.0 
600.0   66.6666666667   1.0 
600.0   133.333333333   0.0 
600.0   200.0   0.0 
600.0   266.666666667   0.0 
600.0   333.333333333   0.0 
600.0   400.0   0.0 
600.0   466.666666667   0.0 
600.0   533.333333333   0.0 
600.0   600.0   0.0 
600.0   666.666666667   0.0 
600.0   733.333333333   0.0 
600.0   800.0   1.0 
600.0   866.666666667   0.281626829293 
600.0   933.333333333   0.568478065891 
600.0   1000.0   0.777630235957 
600.0   1066.66666667   0.877621826202 
600.0   1133.33333333   0.885489039136 
600.0   1200.0   0.964862705081 
600.0   1266.66666667   0.945520603505 
600.0   1333.33333333   0.956784451647 
600.0   1400.0   0.926873967545 
600.0   1466.66666667   0.907105563589 
600.0   1533.33333333   0.936101307362 
600.0   1600.0   0.947198898267 
600.0   1666.66666667   0.962747268235 
600.0   1733.33333333   0.964822581417 
600.0   1800.0   0.964450777648 
600.0   1866.66666667   0.98548832056 
600.0   1933.33333333   0.985465331217 
600.0   2000.0   0.987258535065 
666.666666667   0.0   1.0 
666.666666667   66.6666666667   1.0 
666.666666667   133.333333333   0.0 
666.666666667   200.0   0.0 
666.666666667   266.666666667   0.0 
666.666666667   333.333333333   0.0 
666.666666667   400.0   0.0 
666.666666667   466.666666667   0.0 
666.666666667   533.333333333   0.0 
666.666666667   600.0   0.0 
666.666666667   666.666666667   0.0 
666.666666667   733.333333333   0.0 
666.666666667   800.0   1.0 
666.666666667   866.666666667   0.846617631156 
666.666666667   933.333333333   0.905280353846 
666.666666667   1000.0   0.979678899699 
666.666666667   1066.66666667   0.978849366027 
666.666666667   1133.33333333   0.987778068073 
666.666666667   1200.0   0.981174430178 
666.666666667   1266.66666667   0.969620345977 
666.666666667   1333.33333333   0.978892951495 
666.666666667   1400.0   0.981964024568 
666.666666667   1466.66666667   0.97855612305 
666.666666667   1533.33333333   0.977947238003 
666.666666667   1600.0   0.976966644513 
666.666666667   1666.66666667   0.972106255634 
666.666666667   1733.33333333   0.980184761619 
666.666666667   1800.0   0.983414213773 
666.666666667   1866.66666667   0.978300024965 
666.666666667   1933.33333333   0.980932381428 
666.666666667   2000.0   0.991025272252 
733.333333333   0.0   1.0 
733.333333333   66.6666666667   1.0 
733.333333333   133.333333333   0.0 
733.333333333   200.0   0.0 
733.333333333   266.666666667   0.0 
733.333333333   333.333333333   0.0 
733.333333333   400.0   0.0 
733.333333333   466.666666667   0.0 
733.333333333   533.333333333   0.0 
733.333333333   600.0   0.0 
733.333333333   666.666666667   0.0 
733.333333333   733.333333333   0.0 
733.333333333   800.0   0.952761849654 
733.333333333   866.666666667   0.668134058842 
733.333333333   933.333333333   0.808812212782 
733.333333333   1000.0   0.946663585411 
733.333333333   1066.66666667   0.926281843488 
733.333333333   1133.33333333   0.966968119955 
733.333333333   1200.0   0.983045422043 
733.333333333   1266.66666667   0.998744346404 
733.333333333   1333.33333333   0.994152430037 
733.333333333   1400.0   0.998035028453 
733.333333333   1466.66666667   0.995261501588 
733.333333333   1533.33333333   0.991771020947 
733.333333333   1600.0   0.993923295251 
733.333333333   1666.66666667   0.990745721877 
733.333333333   1733.33333333   0.98625482753 
733.333333333   1800.0   0.991319144994 
733.333333333   1866.66666667   0.989624596478 
733.333333333   1933.33333333   0.990993350345 
733.333333333   2000.0   0.988794405068 
800.0   0.0   1.0 
800.0   66.6666666667   1.0 
800.0   133.333333333   0.0 
800.0   200.0   0.0 
800.0   266.666666667   0.0 
800.0   333.333333333   0.0 
800.0   400.0   0.0 
800.0   466.666666667   0.0 
800.0   533.333333333   0.0 
800.0   600.0   0.0 
800.0   666.666666667   0.0 
800.0   733.333333333   0.0 
800.0   800.0   1.0 
800.0   866.666666667   0.733877713767 
800.0   933.333333333   0.806041861886 
800.0   1000.0   0.920608327324 
800.0   1066.66666667   0.931925643342 
800.0   1133.33333333   0.944596980121 
800.0   1200.0   0.971961316223 
800.0   1266.66666667   0.979890698123 
800.0   1333.33333333   0.986980188125 
800.0   1400.0   0.994812953199 
800.0   1466.66666667   0.995458671255 
800.0   1533.33333333   0.997091105833 
800.0   1600.0   0.996460070196 
800.0   1666.66666667   0.997295300799 
800.0   1733.33333333   0.998606320713 
800.0   1800.0   0.996621172147 
800.0   1866.66666667   0.995057181992 
800.0   1933.33333333   0.996170186077 
800.0   2000.0   0.991757302865 
866.666666667   0.0   1.0 
866.666666667   66.6666666667   1.0 
866.666666667   133.333333333   0.0 
866.666666667   200.0   0.0 
866.666666667   266.666666667   0.0 
866.666666667   333.333333333   0.0 
866.666666667   400.0   0.0 
866.666666667   466.666666667   0.0 
866.666666667   533.333333333   0.0 
866.666666667   600.0   0.0 
866.666666667   666.666666667   0.0 
866.666666667   733.333333333   0.0 
866.666666667   800.0   1.0 
866.666666667   866.666666667   1.0 
866.666666667   933.333333333   0.913050812715 
866.666666667   1000.0   0.835079186974 
866.666666667   1066.66666667   0.922128748989 
866.666666667   1133.33333333   0.952107814574 
866.666666667   1200.0   0.958274334801 
866.666666667   1266.66666667   0.979739945162 
866.666666667   1333.33333333   0.983138518394 
866.666666667   1400.0   0.996746672744 
866.666666667   1466.66666667   0.994358057982 
866.666666667   1533.33333333   0.994174080869 
866.666666667   1600.0   0.997822710804 
866.666666667   1666.66666667   0.997703689937 
866.666666667   1733.33333333   0.99796737361 
866.666666667   1800.0   0.998218377409 
866.666666667   1866.66666667   0.998494828737 
866.666666667   1933.33333333   0.997576171261 
866.666666667   2000.0   1.0 
933.333333333   0.0   1.0 
933.333333333   66.6666666667   1.0 
933.333333333   133.333333333   0.0 
933.333333333   200.0   0.0 
933.333333333   266.666666667   0.0 
933.333333333   333.333333333   0.0 
933.333333333   400.0   0.0 
933.333333333   466.666666667   0.0 
933.333333333   533.333333333   0.0 
933.333333333   600.0   0.0 
933.333333333   666.666666667   0.0 
933.333333333   733.333333333   1.0 
933.333333333   800.0   1.0 
933.333333333   866.666666667   0.881754144515 
933.333333333   933.333333333   1.0 
933.333333333   1000.0   0.946879725187 
933.333333333   1066.66666667   0.943033614878 
933.333333333   1133.33333333   0.97007108091 
933.333333333   1200.0   0.968164117331 
933.333333333   1266.66666667   0.979462141189 
933.333333333   1333.33333333   0.981046935515 
933.333333333   1400.0   0.995439023369 
933.333333333   1466.66666667   0.994561840617 
933.333333333   1533.33333333   0.99335642154 
933.333333333   1600.0   0.996593912255 
933.333333333   1666.66666667   0.997150109636 
933.333333333   1733.33333333   0.998438875515 
933.333333333   1800.0   0.998710400142 
933.333333333   1866.66666667   0.9990599979 
933.333333333   1933.33333333   0.998762361258 
933.333333333   2000.0   0.998243662844 
1000.0   0.0   1.0 
1000.0   66.6666666667   1.0 
1000.0   133.333333333   0.0 
1000.0   200.0   0.0 
1000.0   266.666666667   0.0 
1000.0   333.333333333   0.0 
1000.0   400.0   0.0 
1000.0   466.666666667   0.0 
1000.0   533.333333333   0.0 
1000.0   600.0   0.0 
1000.0   666.666666667   0.0 
1000.0   733.333333333   1.0 
1000.0   800.0   1.0 
1000.0   866.666666667   0.951186760971 
1000.0   933.333333333   1.0 
1000.0   1000.0   0.988514947045 
1000.0   1066.66666667   0.987622941294 
1000.0   1133.33333333   0.980270746033 
1000.0   1200.0   0.975037497257 
1000.0   1266.66666667   0.966447984692 
1000.0   1333.33333333   0.982294065257 
1000.0   1400.0   0.991469887771 
1000.0   1466.66666667   0.989709782644 
1000.0   1533.33333333   0.994101624126 
1000.0   1600.0   0.996096010824 
1000.0   1666.66666667   0.998581172535 
1000.0   1733.33333333   0.997776589968 
1000.0   1800.0   0.998257693234 
1000.0   1866.66666667   0.998818382134 
1000.0   1933.33333333   0.998658126911 
1000.0   2000.0   0.999345325295 
1066.66666667   0.0   1.0 
1066.66666667   66.6666666667   1.0 
1066.66666667   133.333333333   0.0 
1066.66666667   200.0   0.0 
1066.66666667   266.666666667   0.0 
1066.66666667   333.333333333   0.0 
1066.66666667   400.0   0.0 
1066.66666667   466.666666667   0.0 
1066.66666667   533.333333333   0.0 
1066.66666667   600.0   0.0 
1066.66666667   666.666666667   0.0 
1066.66666667   733.333333333   0.592995848269 
1066.66666667   800.0   1.0 
1066.66666667   866.666666667   0.918157807078 
1066.66666667   933.333333333   0.906137308991 
1066.66666667   1000.0   0.978958954171 
1066.66666667   1066.66666667   0.987938182058 
1066.66666667   1133.33333333   0.98885657905 
1066.66666667   1200.0   0.990644509358 
1066.66666667   1266.66666667   0.984048888233 
1066.66666667   1333.33333333   0.989115031038 
1066.66666667   1400.0   0.9872619545 
1066.66666667   1466.66666667   0.992530286316 
1066.66666667   1533.33333333   0.993442214086 
1066.66666667   1600.0   0.994581153206 
1066.66666667   1666.66666667   0.995766817284 
1066.66666667   1733.33333333   0.997799943653 
1066.66666667   1800.0   0.999150379719 
1066.66666667   1866.66666667   0.999046160748 
1066.66666667   1933.33333333   0.998762547947 
1066.66666667   2000.0   0.999268768803 
1133.33333333   0.0   1.0 
1133.33333333   66.6666666667   1.0 
1133.33333333   133.333333333   0.0 
1133.33333333   200.0   0.0 
1133.33333333   266.666666667   0.0 
1133.33333333   333.333333333   0.0 
1133.33333333   400.0   0.0 
1133.33333333   466.666666667   0.0 
1133.33333333   533.333333333   0.0 
1133.33333333   600.0   0.0 
1133.33333333   666.666666667   1.0 
1133.33333333   733.333333333   0.380752984649 
1133.33333333   800.0   0.845506519374 
1133.33333333   866.666666667   0.868645306386 
1133.33333333   933.333333333   0.994837063602 
1133.33333333   1000.0   0.980028682391 
1133.33333333   1066.66666667   0.983314989024 
1133.33333333   1133.33333333   0.985549899483 
1133.33333333   1200.0   0.986792644349 
1133.33333333   1266.66666667   0.997787809094 
1133.33333333   1333.33333333   0.995242293987 
1133.33333333   1400.0   0.994807345877 
1133.33333333   1466.66666667   0.99426971785 
1133.33333333   1533.33333333   0.991460827622 
1133.33333333   1600.0   0.99673752348 
1133.33333333   1666.66666667   0.995944828504 
1133.33333333   1733.33333333   0.998056473498 
1133.33333333   1800.0   0.998383329748 
1133.33333333   1866.66666667   0.998857240586 
1133.33333333   1933.33333333   0.999129118942 
1133.33333333   2000.0   0.99949651679 
1200.0   0.0   1.0 
1200.0   66.6666666667   1.0 
1200.0   133.333333333   0.0 
1200.0   200.0   0.0 
1200.0   266.666666667   0.0 
1200.0   333.333333333   0.0 
1200.0   400.0   0.0 
1200.0   466.666666667   0.0 
1200.0   533.333333333   0.0 
1200.0   600.0   0.0 
1200.0   666.666666667   0.880455896977 
1200.0   733.333333333   0.223789813551 
1200.0   800.0   1.0 
1200.0   866.666666667   0.971870731386 
1200.0   933.333333333   0.941333675242 
1200.0   1000.0   0.999126526777 
1200.0   1066.66666667   0.993653154174 
1200.0   1133.33333333   0.987475387039 
1200.0   1200.0   0.991381712205 
1200.0   1266.66666667   0.995964898145 
1200.0   1333.33333333   0.996157318071 
1200.0   1400.0   0.997391819229 
1200.0   1466.66666667   0.995307700988 
1200.0   1533.33333333   0.997012522745 
1200.0   1600.0   0.995997047617 
1200.0   1666.66666667   0.996141949474 
1200.0   1733.33333333   0.998111019957 
1200.0   1800.0   0.999018793815 
1200.0   1866.66666667   0.998726256521 
1200.0   1933.33333333   0.999450619141 
1200.0   2000.0   0.99930480592 
1266.66666667   0.0   1.0 
1266.66666667   66.6666666667   1.0 
1266.66666667   133.333333333   0.0 
1266.66666667   200.0   0.0 
1266.66666667   266.666666667   0.0 
1266.66666667   333.333333333   0.0 
1266.66666667   400.0   0.0 
1266.66666667   466.666666667   0.0 
1266.66666667   533.333333333   0.0 
1266.66666667   600.0   1.0 
1266.66666667   666.666666667   0.391130505903 
1266.66666667   733.333333333   0.960497629295 
1266.66666667   800.0   0.732377344422 
1266.66666667   866.666666667   0.992520043463 
1266.66666667   933.333333333   0.972456436369 
1266.66666667   1000.0   0.984588433449 
1266.66666667   1066.66666667   0.960895746777 
1266.66666667   1133.33333333   0.993996690347 
1266.66666667   1200.0   0.999500944391 
1266.66666667   1266.66666667   0.997414628598 
1266.66666667   1333.33333333   0.999213894542 
1266.66666667   1400.0   0.997529257322 
1266.66666667   1466.66666667   0.998303828128 
1266.66666667   1533.33333333   0.995157793465 
1266.66666667   1600.0   0.997322388733 
1266.66666667   1666.66666667   0.99852710497 
1266.66666667   1733.33333333   0.996854082401 
1266.66666667   1800.0   0.998183143486 
1266.66666667   1866.66666667   0.99889530083 
1266.66666667   1933.33333333   0.999213338188 
1266.66666667   2000.0   0.999365849511 
1333.33333333   0.0   1.0 
1333.33333333   66.6666666667   1.0 
1333.33333333   133.333333333   0.0 
1333.33333333   200.0   0.0 
1333.33333333   266.666666667   0.0 
1333.33333333   333.333333333   0.0 
1333.33333333   400.0   0.0 
1333.33333333   466.666666667   0.0 
1333.33333333   533.333333333   0.0 
1333.33333333   600.0   0.00311234909513 
1333.33333333   666.666666667   0.21072021195 
1333.33333333   733.333333333   0.680659190429 
1333.33333333   800.0   0.774390353375 
1333.33333333   866.666666667   0.938235949619 
1333.33333333   933.333333333   0.927525084113 
1333.33333333   1000.0   0.992852775771 
1333.33333333   1066.66666667   0.986833902491 
1333.33333333   1133.33333333   0.991599212085 
1333.33333333   1200.0   0.992194264223 
1333.33333333   1266.66666667   0.997569459967 
1333.33333333   1333.33333333   0.99987692719 
1333.33333333   1400.0   1.0 
1333.33333333   1466.66666667   0.999272927088 
1333.33333333   1533.33333333   0.998911140586 
1333.33333333   1600.0   0.998229632548 
1333.33333333   1666.66666667   0.997892577739 
1333.33333333   1733.33333333   0.998980435432 
1333.33333333   1800.0   0.99837606002 
1333.33333333   1866.66666667   0.999043708738 
1333.33333333   1933.33333333   0.998920410377 
1333.33333333   2000.0   0.998848457934 
1400.0   0.0   1.0 
1400.0   66.6666666667   1.0 
1400.0   133.333333333   0.0 
1400.0   200.0   0.0 
1400.0   266.666666667   0.0 
1400.0   333.333333333   0.0 
1400.0   400.0   0.0 
1400.0   466.666666667   0.0 
1400.0   533.333333333   1.0 
1400.0   600.0   1.0 
1400.0   666.666666667   0.502642548837 
1400.0   733.333333333   0.933490152243 
1400.0   800.0   0.934268069954 
1400.0   866.666666667   0.963414265707 
1400.0   933.333333333   0.968108386602 
1400.0   1000.0   0.986355047947 
1400.0   1066.66666667   0.998741207811 
1400.0   1133.33333333   0.99472199879 
1400.0   1200.0   0.998396190028 
1400.0   1266.66666667   0.99894670465 
1400.0   1333.33333333   0.998091875946 
1400.0   1400.0   0.998909882988 
1400.0   1466.66666667   0.998398899132 
1400.0   1533.33333333   0.998914158826 
1400.0   1600.0   0.999589782935 
1400.0   1666.66666667   0.999036652711 
1400.0   1733.33333333   0.999399145619 
1400.0   1800.0   0.999111007717 
1400.0   1866.66666667   0.998845694723 
1400.0   1933.33333333   0.99895707942 
1400.0   2000.0   0.999334689417 
1466.66666667   0.0   1.0 
1466.66666667   66.6666666667   1.0 
1466.66666667   133.333333333   0.0 
1466.66666667   200.0   0.0 
1466.66666667   266.666666667   0.0 
1466.66666667   333.333333333   0.0 
1466.66666667   400.0   0.0 
1466.66666667   466.666666667   1.0 
1466.66666667   533.333333333   0.0376604046229 
1466.66666667   600.0   0.279820206976 
1466.66666667   666.666666667   0.690719233144 
1466.66666667   733.333333333   0.894592897318 
1466.66666667   800.0   0.943507736591 
1466.66666667   866.666666667   0.932432981269 
1466.66666667   933.333333333   0.980443972303 
1466.66666667   1000.0   0.994418977883 
1466.66666667   1066.66666667   0.984630895489 
1466.66666667   1133.33333333   0.994970519195 
1466.66666667   1200.0   0.996500258422 
1466.66666667   1266.66666667   0.997747429651 
1466.66666667   1333.33333333   0.996772256401 
1466.66666667   1400.0   0.999198719665 
1466.66666667   1466.66666667   0.999815333767 
1466.66666667   1533.33333333   0.999684097153 
1466.66666667   1600.0   0.999204976199 
1466.66666667   1666.66666667   0.999464556959 
1466.66666667   1733.33333333   0.999370257171 
1466.66666667   1800.0   0.999536070649 
1466.66666667   1866.66666667   0.999568414216 
1466.66666667   1933.33333333   0.999559218315 
1466.66666667   2000.0   0.999612041831 
1533.33333333   0.0   1.0 
1533.33333333   66.6666666667   1.0 
1533.33333333   133.333333333   0.0 
1533.33333333   200.0   0.0 
1533.33333333   266.666666667   0.0 
1533.33333333   333.333333333   0.0 
1533.33333333   400.0   1.0 
1533.33333333   466.666666667   4.8573132944e-05 
1533.33333333   533.333333333   0.050080549459 
1533.33333333   600.0   0.189563351807 
1533.33333333   666.666666667   0.570823741995 
1533.33333333   733.333333333   0.955118367996 
1533.33333333   800.0   0.853437642792 
1533.33333333   866.666666667   0.970741878283 
1533.33333333   933.333333333   0.982426553617 
1533.33333333   1000.0   0.988791501872 
1533.33333333   1066.66666667   0.982203258973 
1533.33333333   1133.33333333   0.997092818013 
1533.33333333   1200.0   0.999839500813 
1533.33333333   1266.66666667   0.997871363804 
1533.33333333   1333.33333333   0.997784257188 
1533.33333333   1400.0   0.998293847838 
1533.33333333   1466.66666667   0.999006971604 
1533.33333333   1533.33333333   0.998982070365 
1533.33333333   1600.0   0.999639416481 
1533.33333333   1666.66666667   0.999466569648 
1533.33333333   1733.33333333   0.999766430283 
1533.33333333   1800.0   0.999404018468 
1533.33333333   1866.66666667   0.999855417526 
1533.33333333   1933.33333333   0.999763110057 
1533.33333333   2000.0   0.99970760305 
1600.0   0.0   1.0 
1600.0   66.6666666667   1.0 
1600.0   133.333333333   0.0 
1600.0   200.0   0.0 
1600.0   266.666666667   0.0 
1600.0   333.333333333   1.0 
1600.0   400.0   6.84210466062e-11 
1600.0   466.666666667   0.0216094812734 
1600.0   533.333333333   0.311225565615 
1600.0   600.0   0.217510098423 
1600.0   666.666666667   0.735090248671 
1600.0   733.333333333   0.779768327635 
1600.0   800.0   0.909891424797 
1600.0   866.666666667   0.960451634367 
1600.0   933.333333333   0.975240096649 
1600.0   1000.0   0.995142437554 
1600.0   1066.66666667   0.993133678579 
1600.0   1133.33333333   0.99328041533 
1600.0   1200.0   0.996765302887 
1600.0   1266.66666667   0.998424995975 
1600.0   1333.33333333   0.998912341016 
1600.0   1400.0   0.999008732532 
1600.0   1466.66666667   0.999153920186 
1600.0   1533.33333333   0.999771530816 
1600.0   1600.0   0.999918867957 
1600.0   1666.66666667   0.999445277915 
1600.0   1733.33333333   0.999626157178 
1600.0   1800.0   0.999892592018 
1600.0   1866.66666667   0.999974421273 
1600.0   1933.33333333   0.999892004743 
1600.0   2000.0   0.999911015483 
1666.66666667   0.0   1.0 
1666.66666667   66.6666666667   1.0 
1666.66666667   133.333333333   0.0 
1666.66666667   200.0   0.0 
1666.66666667   266.666666667   0.0 
1666.66666667   333.333333333   1.0368372827e-12 
1666.66666667   400.0   1.46227872863e-05 
1666.66666667   466.666666667   0.279335018769 
1666.66666667   533.333333333   0.13923501753 
1666.66666667   600.0   0.785722508529 
1666.66666667   666.666666667   0.770805253165 
1666.66666667   733.333333333   0.898598390866 
1666.66666667   800.0   0.842565394654 
1666.66666667   866.666666667   0.951473974978 
1666.66666667   933.333333333   0.890904108177 
1666.66666667   1000.0   0.989555902332 
1666.66666667   1066.66666667   0.998803021124 
1666.66666667   1133.33333333   0.993536288953 
1666.66666667   1200.0   0.992808888161 
1666.66666667   1266.66666667   0.99786404231 
1666.66666667   1333.33333333   0.999372353932 
1666.66666667   1400.0   0.998577777553 
1666.66666667   1466.66666667   0.997140871116 
1666.66666667   1533.33333333   0.998469013158 
1666.66666667   1600.0   0.999623147702 
1666.66666667   1666.66666667   0.999746352121 
1666.66666667   1733.33333333   0.999607620601 
1666.66666667   1800.0   0.999745719561 
1666.66666667   1866.66666667   0.999845028627 
1666.66666667   1933.33333333   0.999894215654 
1666.66666667   2000.0   0.999818152336 
1733.33333333   0.0   1.0 
1733.33333333   66.6666666667   1.0 
1733.33333333   133.333333333   0.0 
1733.33333333   200.0   0.0 
1733.33333333   266.666666667   1.19697718404e-09 
1733.33333333   333.333333333   0.0 
1733.33333333   400.0   0.000116382311183 
1733.33333333   466.666666667   0.0782702586499 
1733.33333333   533.333333333   0.82155905863 
1733.33333333   600.0   0.453529566242 
1733.33333333   666.666666667   0.896422047236 
1733.33333333   733.333333333   0.879871603894 
1733.33333333   800.0   0.88853272529 
1733.33333333   866.666666667   0.965709787127 
1733.33333333   933.333333333   0.992721115742 
1733.33333333   1000.0   0.980310265475 
1733.33333333   1066.66666667   0.990689603427 
1733.33333333   1133.33333333   0.998093192619 
1733.33333333   1200.0   0.995761463776 
1733.33333333   1266.66666667   0.998097631675 
1733.33333333   1333.33333333   0.998660390318 
1733.33333333   1400.0   0.999138894927 
1733.33333333   1466.66666667   0.998563568657 
1733.33333333   1533.33333333   0.999261684121 
1733.33333333   1600.0   0.99973569376 
1733.33333333   1666.66666667   0.999660518899 
1733.33333333   1733.33333333   0.999831390941 
1733.33333333   1800.0   0.99997929824 
1733.33333333   1866.66666667   0.999922663613 
1733.33333333   1933.33333333   0.999896737445 
1733.33333333   2000.0   0.999956529535 
1800.0   0.0   1.0 
1800.0   66.6666666667   1.0 
1800.0   133.333333333   0.0 
1800.0   200.0   0.0 
1800.0   266.666666667   0.0 
1800.0   333.333333333   1.78915926519e-09 
1800.0   400.0   0.000171939099772 
1800.0   466.666666667   0.204107437983 
1800.0   533.333333333   0.184440197654 
1800.0   600.0   0.3964200094 
1800.0   666.666666667   0.735833653548 
1800.0   733.333333333   0.889496743481 
1800.0   800.0   0.928769395242 
1800.0   866.666666667   0.957469037065 
1800.0   933.333333333   0.98584355825 
1800.0   1000.0   0.981437407094 
1800.0   1066.66666667   0.999550176474 
1800.0   1133.33333333   0.995686828557 
1800.0   1200.0   0.991474014139 
1800.0   1266.66666667   0.997148845237 
1800.0   1333.33333333   0.997421666139 
1800.0   1400.0   0.99907488635 
1800.0   1466.66666667   0.99861775618 
1800.0   1533.33333333   0.999637137733 
1800.0   1600.0   0.999492357394 
1800.0   1666.66666667   0.999749899961 
1800.0   1733.33333333   0.999887379406 
1800.0   1800.0   0.999897121277 
1800.0   1866.66666667   0.999846065238 
1800.0   1933.33333333   0.999930588559 
1800.0   2000.0   0.999939192433 
1866.66666667   0.0   1.0 
1866.66666667   66.6666666667   1.0 
1866.66666667   133.333333333   1.0 
1866.66666667   200.0   0.0 
1866.66666667   266.666666667   0.0 
1866.66666667   333.333333333   2.55351295664e-15 
1866.66666667   400.0   0.000670950579525 
1866.66666667   466.666666667   0.00253834644766 
1866.66666667   533.333333333   0.433698042928 
1866.66666667   600.0   0.711816987442 
1866.66666667   666.666666667   0.911394675183 
1866.66666667   733.333333333   0.892298643773 
1866.66666667   800.0   0.904500089648 
1866.66666667   866.666666667   0.989809196033 
1866.66666667   933.333333333   0.987012697478 
1866.66666667   1000.0   0.986908919446 
1866.66666667   1066.66666667   0.997363476743 
1866.66666667   1133.33333333   0.990390247486 
1866.66666667   1200.0   0.997973883375 
1866.66666667   1266.66666667   0.998315434456 
1866.66666667   1333.33333333   0.999022045186 
1866.66666667   1400.0   0.999301532231 
1866.66666667   1466.66666667   0.998644319766 
1866.66666667   1533.33333333   0.999526951208 
1866.66666667   1600.0   0.999497263391 
1866.66666667   1666.66666667   0.999660864754 
1866.66666667   1733.33333333   0.999861690533 
1866.66666667   1800.0   0.999835552991 
1866.66666667   1866.66666667   0.999908044814 
1866.66666667   1933.33333333   0.999919447492 
1866.66666667   2000.0   0.999821024618 
1933.33333333   0.0   1.0 
1933.33333333   66.6666666667   1.0 
1933.33333333   133.333333333   1.0 
1933.33333333   200.0   0.0 
1933.33333333   266.666666667   0.0 
1933.33333333   333.333333333   4.74176253817e-13 
1933.33333333   400.0   0.00305954214509 
1933.33333333   466.666666667   0.400140268923 
1933.33333333   533.333333333   0.319284731203 
1933.33333333   600.0   0.618063922471 
1933.33333333   666.666666667   0.694135963517 
1933.33333333   733.333333333   0.924726269852 
1933.33333333   800.0   0.909812098825 
1933.33333333   866.666666667   0.980690752324 
1933.33333333   933.333333333   0.98100612688 
1933.33333333   1000.0   0.995829273023 
1933.33333333   1066.66666667   0.988385257993 
1933.33333333   1133.33333333   0.994394449189 
1933.33333333   1200.0   0.994482477749 
1933.33333333   1266.66666667   0.998629227841 
1933.33333333   1333.33333333   0.998752689092 
1933.33333333   1400.0   0.999172642411 
1933.33333333   1466.66666667   0.998639006992 
1933.33333333   1533.33333333   0.999312730292 
1933.33333333   1600.0   0.999978292205 
1933.33333333   1666.66666667   0.999812411054 
1933.33333333   1733.33333333   0.999832450659 
1933.33333333   1800.0   0.999835798718 
1933.33333333   1866.66666667   0.999901330367 
1933.33333333   1933.33333333   0.999920334041 
1933.33333333   2000.0   0.999895655037 
2000.0   0.0   1.0 
2000.0   66.6666666667   1.0 
2000.0   133.333333333   0.0 
2000.0   200.0   0.0 
2000.0   266.666666667   6.02198291233e-11 
2000.0   333.333333333   2.685274475e-07 
2000.0   400.0   0.0242043473796 
2000.0   466.666666667   0.0752567257959 
2000.0   533.333333333   0.659154869994 
2000.0   600.0   0.629963467354 
2000.0   666.666666667   0.741804767391 
2000.0   733.333333333   0.88240180352 
2000.0   800.0   0.882197610398 
2000.0   866.666666667   0.953643031855 
2000.0   933.333333333   0.981660719524 
2000.0   1000.0   0.995961130661 
2000.0   1066.66666667   0.994281453491 
2000.0   1133.33333333   0.994473508149 
2000.0   1200.0   0.99968122038 
2000.0   1266.66666667   0.998238684341 
2000.0   1333.33333333   0.999875174168 
2000.0   1400.0   0.999120415473 
2000.0   1466.66666667   0.999889159638 
2000.0   1533.33333333   0.999583401486 
2000.0   1600.0   0.999849405391 
2000.0   1666.66666667   0.999957489755 
2000.0   1733.33333333   0.999729405605 
2000.0   1800.0   0.999898675787 
2000.0   1866.66666667   0.999851619834 
2000.0   1933.33333333   0.999910270901 
2000.0   2000.0   0.999914699973 
