105.0   0.0   0.0   0.0   0.0 
105.0   35.0   1.0   0.0   0.0 
105.0   70.0   1.0   0.0   0.0 
105.0   105.0   0.0   0.0   0.0 
105.0   140.0   0.0   0.0   0.0 
105.0   175.0   0.0   0.0   0.0 
105.0   210.0   0.0   0.0   0.0 
105.0   245.0   0.0   0.0   0.0 
105.0   280.0   0.0   0.0   0.0 
105.0   315.0   0.0   0.0   0.0 
105.0   350.0   0.0   0.0   0.0 
140.0   0.0   0.0   0.0   0.0 
140.0   35.0   0.0   0.0   0.0 
140.0   70.0   0.0   0.0   0.0 
140.0   105.0   0.0   0.0   0.0 
140.0   140.0   0.0   0.0   0.0 
140.0   175.0   0.0   0.0   0.0 
140.0   210.0   0.0   0.0   0.0 
140.0   245.0   0.0   0.0   0.0 
140.0   280.0   0.0   0.0   0.0 
140.0   315.0   0.0   0.0   0.0 
140.0   350.0   0.0   0.0   0.0 
175.0   0.0   0.0   0.0   0.0 
175.0   35.0   0.0   0.0   0.0 
175.0   70.0   0.0   0.0   0.0 
175.0   105.0   0.0   0.0   0.0 
175.0   140.0   0.0   0.0   0.0 
175.0   175.0   0.0   0.0   0.0 
175.0   210.0   0.0   0.0   0.0 
175.0   245.0   0.0   0.0   0.0 
175.0   280.0   0.0   0.0   0.0 
175.0   315.0   0.0   0.0   0.0 
175.0   350.0   0.0   0.0   0.0 
210.0   0.0   0.0   0.0   0.0 
210.0   35.0   0.0   0.0   0.0 
210.0   70.0   0.0   0.0   0.0 
210.0   105.0   0.0   0.0   0.0 
210.0   140.0   0.0   0.0   0.0 
210.0   175.0   0.0   0.0   0.0 
210.0   210.0   0.0   0.0   0.0 
210.0   245.0   0.0   0.0   0.0 
210.0   280.0   0.0   0.0   0.0 
210.0   315.0   0.0   0.0   0.0 
210.0   350.0   0.0   0.0   0.0 
245.0   0.0   0.0   0.0   0.0 
245.0   35.0   0.0   0.0   0.0 
245.0   70.0   0.0   0.0   0.0 
245.0   105.0   0.0   0.0   0.0 
245.0   140.0   0.0   0.0   0.0 
245.0   175.0   0.0   0.0   0.0 
245.0   210.0   0.0   0.0   0.0 
245.0   245.0   0.0   0.0   0.0 
245.0   280.0   0.0   0.0   0.0 
245.0   315.0   0.0   0.0   0.0 
245.0   350.0   0.0   0.0   0.0 
280.0   0.0   0.0   0.0   0.0 
280.0   35.0   0.0   0.0   0.0 
280.0   70.0   0.0   0.0   0.0 
280.0   105.0   0.0   0.0   0.0 
280.0   140.0   0.0   0.0   0.0 
280.0   175.0   0.0   0.0   0.0 
280.0   210.0   0.0   0.0   0.0 
280.0   245.0   0.0   0.0   0.0 
280.0   280.0   0.0   0.0   0.0 
280.0   315.0   0.0   0.0   0.0 
280.0   350.0   0.0   0.0   0.0 
315.0   0.0   0.0   0.0   0.0 
315.0   35.0   0.0   0.0   0.0 
315.0   70.0   0.0   0.0   0.0 
315.0   105.0   0.0   0.0   0.0 
315.0   140.0   0.0   0.0   0.0 
315.0   175.0   0.0   0.0   0.0 
315.0   210.0   0.0   0.0   0.0 
315.0   245.0   0.0   0.0   0.0 
315.0   280.0   0.0   0.0   0.0 
315.0   315.0   0.0   0.0   0.0 
315.0   350.0   0.0   0.0   0.0 
350.0   0.0   0.0   0.0   0.0 
350.0   35.0   0.0   0.0   0.0 
350.0   70.0   0.0   0.0   0.0 
350.0   105.0   0.0   0.0   0.0 
350.0   140.0   0.0   0.0   0.0 
350.0   175.0   0.0   0.0   0.0 
350.0   210.0   0.0   0.0   0.0 
350.0   245.0   0.0   0.0   0.0 
350.0   280.0   0.0   0.0   0.0 
350.0   315.0   0.0   0.0   0.0 
350.0   350.0   0.0   0.0   0.0 
385.0   0.0   0.0   0.0   0.0 
385.0   35.0   0.0   0.0   0.0 
385.0   70.0   0.0   0.0   0.0 
385.0   105.0   0.0   0.0   0.0 
385.0   140.0   0.0   0.0   0.0 
385.0   175.0   0.0   0.0   0.0 
385.0   210.0   0.0   0.0   0.0 
385.0   245.0   0.0   0.0   0.0 
385.0   280.0   0.0   0.0   0.0 
385.0   315.0   0.0   0.0   0.0 
385.0   350.0   0.0   0.0   0.0 
420.0   0.0   0.0   0.0   0.0 
420.0   35.0   0.0   0.0   0.0 
420.0   70.0   0.0   0.0   0.0 
420.0   105.0   0.0   0.0   0.0 
420.0   140.0   0.0   0.0   0.0 
420.0   175.0   0.0   0.0   0.0 
420.0   210.0   0.0   0.0   0.0 
420.0   245.0   0.0   0.0   0.0 
420.0   280.0   0.0   0.0   2.63122856836e-14 
420.0   315.0   0.0   0.0   0.0 
420.0   350.0   0.0   0.0   2.04504566614e-08 
455.0   0.0   0.0   0.0   0.0 
455.0   35.0   0.0   0.0   0.0 
455.0   70.0   0.0   0.0   0.0 
455.0   105.0   0.0   0.0   0.0 
455.0   140.0   0.0   0.0   0.0 
455.0   175.0   0.0   0.0   0.0 
455.0   210.0   0.0   0.0   0.0 
455.0   245.0   0.0   0.0   1.11022302463e-16 
455.0   280.0   0.0   0.0   2.7322588636e-13 
455.0   315.0   0.0   0.0   5.55111512313e-16 
455.0   350.0   3.1241675913e-13   0.0   4.96598318023e-11 
490.0   0.0   0.0   0.0   0.0 
490.0   35.0   0.0   0.0   0.0 
490.0   70.0   0.0   0.0   0.0 
490.0   105.0   0.0   0.0   0.0 
490.0   140.0   0.0   0.0   0.0 
490.0   175.0   0.0   0.0   0.0 
490.0   210.0   0.0   0.0   0.0 
490.0   245.0   0.0   0.0   0.0 
490.0   280.0   0.0   0.0   0.0 
490.0   315.0   0.0   0.0   3.87911924804e-13 
490.0   350.0   0.0   0.0   1.98934646534e-10 
525.0   0.0   0.0   0.0   0.0 
525.0   35.0   0.0   0.0   0.0 
525.0   70.0   0.0   0.0   0.0 
525.0   105.0   0.0   0.0   0.0 
525.0   140.0   0.0   0.0   0.0 
525.0   175.0   0.0   0.0   0.0 
525.0   210.0   0.0   0.0   0.0 
525.0   245.0   0.0   0.0   1.99840144433e-15 
525.0   280.0   0.0   0.0   5.13145081982e-13 
525.0   315.0   8.99280649946e-15   0.0   5.0226489634e-13 
525.0   350.0   3.75626418858e-10   0.0   3.99403261422e-05 
560.0   0.0   0.0   0.0   0.0 
560.0   35.0   0.0   0.0   0.0 
560.0   70.0   0.0   0.0   0.0 
560.0   105.0   0.0   0.0   0.0 
560.0   140.0   0.0   0.0   0.0 
560.0   175.0   0.0   0.0   0.0 
560.0   210.0   0.0   0.0   1.11022302463e-15 
560.0   245.0   0.0   0.0   0.0 
560.0   280.0   0.0   0.0   0.0 
560.0   315.0   2.22044604925e-15   0.0   0.0 
560.0   350.0   2.72448730243e-13   0.0   0.0 
595.0   0.0   0.0   0.0   1.11022302463e-16 
595.0   35.0   0.0   0.0   0.0 
595.0   70.0   0.0   0.0   0.0 
595.0   105.0   0.0   0.0   0.0 
595.0   140.0   0.0   0.0   1.72306613422e-13 
595.0   175.0   0.0   0.0   3.1197266992e-14 
595.0   210.0   0.0   0.0   5.88418203051e-15 
595.0   245.0   0.0   0.0   3.52318174635e-12 
595.0   280.0   3.18634008067e-14   0.0   9.16178244381e-12 
595.0   315.0   1.92612592542e-12   0.0   8.45549108508e-09 
595.0   350.0   2.85725332283e-10   0.0   1.34450721279e-06 
630.0   0.0   0.0   0.0   1.11022302463e-16 
630.0   35.0   0.0   0.0   1.11022302463e-16 
630.0   70.0   0.0   0.0   6.88338275268e-15 
630.0   105.0   0.0   0.0   1.55431223448e-14 
630.0   140.0   0.0   0.0   5.24025267623e-14 
630.0   175.0   0.0   0.0   5.58497692538e-11 
630.0   210.0   0.0   0.0   1.93640659063e-10 
630.0   245.0   0.0   0.0   1.68031144554e-11 
630.0   280.0   7.35311811439e-11   0.0   2.67848471536e-06 
630.0   315.0   3.16680015544e-12   0.0   1.56016589647e-08 
630.0   350.0   4.37245158968e-08   1.85407245112e-14   4.31759883401e-09 
665.0   0.0   0.0   0.0   1.30784272301e-12 
665.0   35.0   0.0   0.0   4.33297842051e-12 
665.0   70.0   0.0   0.0   6.59694521232e-13 
665.0   105.0   2.22044604925e-16   0.0   1.97098559696e-10 
665.0   140.0   1.11022302463e-16   0.0   2.49874565483e-11 
665.0   175.0   1.55431223448e-15   0.0   5.95019034044e-10 
665.0   210.0   2.32946995027e-12   0.0   1.01741468472e-07 
665.0   245.0   7.42539807419e-10   2.22044604925e-16   4.89158148675e-06 
665.0   280.0   6.41368069765e-11   0.0   6.03565446733e-07 
665.0   315.0   2.7993950491e-09   3.10862446895e-15   5.63208609705e-06 
665.0   350.0   5.25163412757e-09   1.52100554374e-14   8.77932858567e-06 
700.0   0.0   5.66213742559e-15   0.0   9.18402021099e-11 
700.0   35.0   8.881784197e-16   0.0   1.76678893737e-10 
700.0   70.0   6.77236045021e-14   0.0   3.18038961833e-09 
700.0   105.0   1.31006316906e-14   0.0   9.85097226014e-10 
700.0   140.0   1.73889791455e-11   0.0   3.04176471455e-07 
700.0   175.0   5.66213742559e-15   0.0   3.59844376518e-11 
700.0   210.0   3.55266926988e-11   1.11022302463e-16   1.63249354035e-07 
700.0   245.0   1.74105174722e-10   4.4408920985e-16   5.44465931895e-07 
700.0   280.0   5.40726352583e-10   3.21964677141e-15   7.0147616904e-07 
700.0   315.0   6.0045068917e-10   1.3433698598e-14   6.94396418144e-07 
700.0   350.0   5.91715129117e-08   9.90429960268e-13   2.37332134139e-05 
735.0   0.0   2.76940692601e-11   1.11022302463e-16   1.26162523761e-07 
735.0   35.0   1.73527858749e-13   0.0   1.29037902585e-09 
735.0   70.0   1.45289336118e-11   1.11022302463e-16   1.45325552037e-07 
735.0   105.0   5.07826003471e-11   2.22044604925e-16   4.55998036997e-07 
735.0   140.0   2.66268562754e-10   3.99680288865e-15   5.32525329611e-07 
735.0   175.0   2.54503085273e-11   2.22044604925e-16   6.6148201916e-08 
735.0   210.0   4.68845717805e-09   2.48689957516e-13   4.62030784021e-06 
735.0   245.0   4.01765332114e-09   1.35336186702e-13   1.52373137163e-06 
735.0   280.0   5.81273510436e-08   7.44437844702e-12   1.1051993511e-05 
735.0   315.0   1.65253701723e-07   3.02827762866e-11   2.88874780705e-05 
735.0   350.0   1.25213348889e-06   5.83076475991e-10   0.000138364374887 
770.0   0.0   3.31022076416e-09   1.88737914186e-13   2.20943437756e-06 
770.0   35.0   2.64540539474e-08   3.98925337208e-12   8.60588112739e-06 
770.0   70.0   1.71682501549e-09   2.19158025061e-13   7.77074502634e-07 
770.0   105.0   2.41921453981e-08   2.75734990396e-12   7.46853119182e-06 
770.0   140.0   7.17986379239e-08   1.35703670523e-11   3.43236703493e-05 
770.0   175.0   4.68173636525e-08   9.24471610375e-12   4.08538480801e-06 
770.0   210.0   1.87002766827e-07   7.21185333674e-11   3.0006927665e-05 
770.0   245.0   2.14113699104e-07   6.29221119652e-11   2.5214751717e-05 
770.0   280.0   1.75741823005e-06   1.44047962447e-09   0.000172121488094 
770.0   315.0   1.96734144287e-05   5.04814668956e-08   0.000928780247978 
770.0   350.0   3.56069587085e-05   5.69935664219e-08   0.00151646895146 
805.0   0.0   9.77300920191e-08   9.60279633588e-11   1.98392555908e-05 
805.0   35.0   8.21016557184e-07   6.06882766263e-10   0.000136312764848 
805.0   70.0   1.9097744256e-06   1.52432844125e-09   0.000127122625666 
805.0   105.0   1.14629178039e-07   8.0523365753e-11   1.48650631366e-05 
805.0   140.0   3.32837301209e-06   4.34045743791e-09   0.000100828948647 
805.0   175.0   2.42581558518e-06   1.76807313235e-09   0.000120328464924 
805.0   210.0   1.43115780469e-05   5.31258259606e-08   0.000612101739973 
805.0   245.0   8.35072026051e-06   2.49318062862e-08   0.000466528695368 
805.0   280.0   5.245792775e-05   3.53931471464e-07   0.00142113186769 
805.0   315.0   8.5430555078e-05   4.66407704458e-07   0.00196081929034 
805.0   350.0   1.49029890674e-05   1.25598081824e-07   0.000414747283663 
840.0   0.0   5.221978022e-06   3.13863885992e-08   0.000312937173651 
840.0   35.0   7.93269154564e-06   7.95666637021e-08   0.000430526474554 
840.0   70.0   7.59251396021e-06   5.50665796295e-08   0.000490197216173 
840.0   105.0   1.07647055027e-05   4.35211228167e-08   0.000352889290151 
840.0   140.0   2.99025339217e-05   1.30018736777e-07   0.000875580942074 
840.0   175.0   2.27603015487e-05   1.1240664255e-07   0.000149314722281 
840.0   210.0   0.000210275813555   1.7507680361e-06   0.00367706839203 
840.0   245.0   7.33009179377e-05   1.32658051333e-06   0.00243062287231 
840.0   280.0   6.14199075092e-05   4.86649384679e-07   0.00145774193039 
840.0   315.0   0.000299021321314   6.05125892439e-06   0.00290753143753 
840.0   350.0   0.00266669773849   6.79433828485e-05   0.0222325670947 
875.0   0.0   7.90915647306e-05   1.20860752484e-06   0.00143302070818 
875.0   35.0   6.37382722778e-05   1.74992794888e-06   0.00168095472242 
875.0   70.0   8.52965658157e-05   2.063771396e-06   0.0017654540604 
875.0   105.0   0.000115411783662   1.65799725627e-06   0.00177573682643 
875.0   140.0   0.000224581603279   3.10880315935e-06   0.00169696298857 
875.0   175.0   0.000469393964618   8.70122670305e-06   0.00587086751551 
875.0   210.0   0.000122074565474   1.53594682295e-06   0.00161829071029 
875.0   245.0   0.000750358349706   2.20548430897e-05   0.00698199414887 
875.0   280.0   0.000333441203945   8.26909121232e-06   0.00306318055237 
875.0   315.0   0.0012678227159   5.61253864789e-05   0.00936945140567 
875.0   350.0   0.0010409069737   5.58403855194e-05   0.00804494969579 
910.0   0.0   0.00323598851578   0.000140857767528   0.0220091734383 
910.0   35.0   0.000608750203941   2.18122371629e-05   0.00634855304639 
910.0   70.0   0.000667847574934   2.63120967778e-05   0.00595557655249 
910.0   105.0   0.00143707811179   3.59517962538e-05   0.00155826037805 
910.0   140.0   0.000426208121545   1.75157226557e-05   0.00407386916355 
910.0   175.0   0.00198160890051   0.000136921593022   0.0175740595775 
910.0   210.0   0.00366868333616   0.000221712239315   0.0224014150873 
910.0   245.0   0.00146536454512   0.000149822890894   0.00751800386078 
910.0   280.0   0.00289371489107   0.000224490753055   0.0138684019128 
910.0   315.0   0.00421370826969   0.000425788232433   0.0190235690908 
910.0   350.0   0.0   0.0   0.0 
945.0   0.0   0.00762048476807   0.000371050887933   0.0300647079911 
945.0   35.0   0.00632528859471   0.000466831027699   0.0292096228716 
945.0   70.0   0.00429526903478   0.000520939510055   0.0293694271781 
945.0   105.0   0.00408575368509   0.000357520315504   0.0227573626372 
945.0   140.0   0.00857603840744   0.000982212368986   0.0344146786679 
945.0   175.0   0.00798446361679   0.000848498757634   0.0388367895665 
945.0   210.0   0.00948864300411   0.00119747582949   0.0470412855196 
945.0   245.0   0.00856319930918   0.00138072620325   0.0333221710251 
945.0   280.0   0.0294556725433   0.00629226437145   0.0987333792934 
945.0   315.0   0.0205440957545   0.00344293125294   0.0571024770178 
945.0   350.0   0.0   0.0   0.0 
980.0   0.0   0.0141262790276   0.00186065663941   0.04898217556 
980.0   35.0   0.0156840675856   0.0024797944904   0.0537979612466 
980.0   70.0   0.0169492604276   0.0027428109479   0.0200969929448 
980.0   105.0   0.0233438169871   0.00412117363597   0.0695936579301 
980.0   140.0   0.019121887349   0.00340880341914   0.0558429745458 
980.0   175.0   0.0274300016779   0.00474788412138   0.0764088538106 
980.0   210.0   0.0266199163856   0.00508888298791   0.0577066063313 
980.0   245.0   0.0269378055908   0.00539976302322   0.103094307546 
980.0   280.0   0.0316606059023   0.00674206900959   0.0889948623505 
980.0   315.0   0.0354078631199   0.00864349736779   0.0938790937126 
980.0   350.0   0.0   0.0   0.0 
1015.0   0.0   0.0348367307013   0.00558713598316   0.0837300872078 
1015.0   35.0   0.0476582953235   0.0110692487306   0.107062150531 
1015.0   70.0   0.0254379443005   0.00834991381546   0.0655270522273 
1015.0   105.0   0.0392873748773   0.00902835602406   0.0410422609808 
1015.0   140.0   0.0273435857921   0.00595203752343   0.0813904622135 
1015.0   175.0   0.0300320209946   0.00961237823467   0.080865333698 
1015.0   210.0   0.0440841251709   0.0108386914833   0.0980317595063 
1015.0   245.0   0.0467321589758   0.0144582143916   0.109013512496 
1015.0   280.0   0.0671076914516   0.0348750542404   0.134991472778 
1015.0   315.0   0.0697893176301   0.0210343682881   0.152558065931 
1015.0   350.0   0.0   0.0   0.0 
1050.0   0.0   0.052162048088   0.0202865108803   0.113368490854 
1050.0   35.0   0.0886069397875   0.0371839754848   0.158913928091 
1050.0   70.0   0.118680453077   0.047769591917   0.222686677845 
1050.0   105.0   0.0805942694695   0.0327772591985   0.135948945613 
1050.0   140.0   0.0650071154113   0.0278207245144   0.130169067117 
1050.0   175.0   0.0681497676258   0.0271126389559   0.124675906978 
1050.0   210.0   0.101809789981   0.0381113430185   0.159001147568 
1050.0   245.0   0.0534345067216   0.0245567020949   0.111132205383 
1050.0   280.0   0.0710708068868   0.0335949674083   0.141132056857 
1050.0   315.0   0.074021429997   0.0334669146169   0.136460975869 
1050.0   350.0   0.0   0.0   0.0 
1085.0   0.0   0.181592162729   0.0995568252996   0.269904508248 
1085.0   35.0   0.126053743368   0.0649035720807   0.213412151363 
1085.0   70.0   0.127253971355   0.0734787946061   0.0994726116671 
1085.0   105.0   0.211879156254   0.112316980111   0.308144850926 
1085.0   140.0   0.157924108551   0.0858590479423   0.238349733189 
1085.0   175.0   0.118466750609   0.0646794053411   0.176212196121 
1085.0   210.0   0.181089306654   0.0958583211896   0.237828505635 
1085.0   245.0   0.110130382032   0.0537566537066   0.198651196187 
1085.0   280.0   0.130052472894   0.0802701675074   0.204518953513 
1085.0   315.0   0.104496900943   0.0400786416923   0.101881503785 
1085.0   350.0   0.0   0.0   0.0 
1120.0   0.0   0.20568336795   0.135123317437   0.245945395511 
1120.0   35.0   0.307343450816   0.199065904149   0.360779893203 
1120.0   70.0   0.180803628696   0.120244431769   0.282624521371 
1120.0   105.0   0.210107587033   0.135126359584   0.292472447803 
1120.0   140.0   0.194587298948   0.119994138937   0.343762841027 
1120.0   175.0   0.223757117209   0.146028974902   0.318989663973 
1120.0   210.0   0.17365048233   0.100148193832   0.230384085198 
1120.0   245.0   0.180015090465   0.12759962906   0.267957896394 
1120.0   280.0   0.251620531586   0.146378426996   0.309629733636 
1120.0   315.0   0.202128631483   0.140194255571   0.263743762606 
1120.0   350.0   0.0   0.0   0.0 
1155.0   0.0   0.26163352951   0.173036364698   0.300159792409 
1155.0   35.0   0.199129235776   0.163391027462   0.325351525518 
1155.0   70.0   0.287601914581   0.251452478848   0.499172355792 
1155.0   105.0   0.341540852969   0.235667439026   0.404116559474 
1155.0   140.0   0.204518545779   0.138665702097   0.288273157737 
1155.0   175.0   0.214525994533   0.157544806409   0.270606651061 
1155.0   210.0   0.243296439884   0.160139694015   0.343244774303 
1155.0   245.0   0.209586705704   0.162775758924   0.292396794996 
1155.0   280.0   0.334918944118   0.208790859843   0.361497292597 
1155.0   315.0   0.282996650778   0.19008420859   0.277710660893 
1155.0   350.0   0.0   0.0   0.0 
1190.0   0.0   0.255150340166   0.199239304936   0.320750719587 
1190.0   35.0   0.31947451761   0.275896935045   0.432078855897 
1190.0   70.0   0.388097643144   0.326988401097   0.649373036965 
1190.0   105.0   0.328274111071   0.282899381377   0.435486074983 
1190.0   140.0   0.379560268827   0.248571113642   0.347470443955 
1190.0   175.0   0.289410933226   0.228822389628   0.358480953825 
1190.0   210.0   0.300194089699   0.209029074607   0.362244378243 
1190.0   245.0   0.302827701378   0.215877298927   0.328716288398 
1190.0   280.0   0.299052956703   0.214479742636   0.303288203404 
1190.0   315.0   0.266985051957   0.192094314355   0.369052549029 
1190.0   350.0   0.0   0.0   0.0 
1225.0   0.0   0.398502436687   0.290345724738   0.402305917878 
1225.0   35.0   0.353337076383   0.315389530235   0.433732901056 
1225.0   70.0   0.380875116007   0.283219262827   0.372320834608 
1225.0   105.0   0.391620780734   0.294331518959   0.399157362218 
1225.0   140.0   0.400237457594   0.300486523033   0.408514147819 
1225.0   175.0   0.378555996664   0.38681218731   0.442624186844 
1225.0   210.0   0.294420280336   0.27049120314   0.51691536211 
1225.0   245.0   0.348182092469   0.385620471149   0.335213382303 
1225.0   280.0   0.380453311783   0.349770354977   0.454623854786 
1225.0   315.0   0.374848547759   0.337393062521   0.504122542887 
1225.0   350.0   0.0   0.0   0.0 
1260.0   0.0   0.360203371077   0.347077278647   0.362964261337 
1260.0   35.0   0.450968546098   0.388387642421   0.461037588255 
1260.0   70.0   0.398383555623   0.31466768412   0.411461955955 
1260.0   105.0   1.0   0.367833830148   0.455261176998 
1260.0   140.0   0.338708782474   0.372612681239   0.406450310546 
1260.0   175.0   0.391515872068   0.399037717245   0.451903512525 
1260.0   210.0   0.385588898373   0.336980439169   0.411484003002 
1260.0   245.0   0.378302934285   0.377281040448   0.483357606472 
1260.0   280.0   0.358710508009   0.379754920429   0.798238750678 
1260.0   315.0   0.265803277732   0.340214848434   0.715813873742 
1260.0   350.0   0.0   0.0   0.0 
1295.0   0.0   0.362060703809   0.303029793875   0.560535288453 
1295.0   35.0   0.480099001786   0.493478006644   0.478604587021 
1295.0   70.0   0.528241731046   0.54785265103   0.570436949702 
1295.0   105.0   0.466519285369   0.618496140431   0.567243570092 
1295.0   140.0   0.379097208645   0.357032434418   0.499185759532 
1295.0   175.0   0.423051599898   0.353294878962   0.473069036247 
1295.0   210.0   0.376266669244   0.371830630003   0.611623380142 
1295.0   245.0   0.413302366144   0.357850417879   0.798928963944 
1295.0   280.0   0.537383500617   0.425702554661   0.53930283692 
1295.0   315.0   0.380662337009   0.380948191714   0.530128748047 
1295.0   350.0   0.0   0.0   0.0 
1330.0   0.0   0.489829817   0.40505714164   0.822383836557 
1330.0   35.0   0.277119153722   0.375545154486   0.537898617244 
1330.0   70.0   0.421995106374   0.492421995631   0.524023253833 
1330.0   105.0   0.457585027451   0.502799790554   0.55233144086 
1330.0   140.0   0.353330804905   0.39433245163   0.581476494268 
1330.0   175.0   0.519443665756   0.467894462784   0.826028020125 
1330.0   210.0   0.676369125908   0.321696256909   0.596379678407 
1330.0   245.0   0.682908637929   0.402541695667   0.754330102139 
1330.0   280.0   0.267048739853   0.36867271684   0.6709969829 
1330.0   315.0   0.642523656271   0.401680600778   0.551632847942 
1330.0   350.0   0.0   0.0   0.0 
