320.0   0.0   0.0   0.0   0.0 
320.0   160.0   0.0   0.0   0.0 
320.0   320.0   0.0   0.0   0.0 
320.0   480.0   0.0   0.0   0.0 
320.0   640.0   0.0   0.0   0.0 
320.0   800.0   0.0   0.0   0.0 
320.0   960.0   0.0   0.0   0.0 
320.0   1120.0   0.0   0.0   0.0 
320.0   1280.0   0.0   0.0   0.0 
320.0   1440.0   0.0   0.0   0.0 
320.0   1600.0   0.0   0.0   0.0 
480.0   0.0   0.0   0.0   0.0 
480.0   160.0   0.0   0.0   0.0 
480.0   320.0   0.0   0.0   0.0 
480.0   480.0   0.0   0.0   0.0 
480.0   640.0   0.0   0.0   0.0 
480.0   800.0   0.0   0.0   0.0 
480.0   960.0   0.0   0.0   0.0 
480.0   1120.0   0.0   0.0   0.0 
480.0   1280.0   0.0   0.0   0.0 
480.0   1440.0   0.0   0.0   0.0 
480.0   1600.0   0.0   0.0   0.0 
640.0   0.0   0.0   0.0   0.0 
640.0   160.0   0.0   0.0   0.0 
640.0   320.0   0.0   0.0   0.0 
640.0   480.0   0.0   0.0   0.0 
640.0   640.0   0.0   0.0   0.0 
640.0   800.0   0.0   0.0   0.0 
640.0   960.0   0.0   0.0   0.0 
640.0   1120.0   0.0   0.0   0.0 
640.0   1280.0   0.0   0.0   0.0 
640.0   1440.0   0.0   0.0   0.0 
640.0   1600.0   0.0   0.0   0.0 
800.0   0.0   0.0   0.0   0.0 
800.0   160.0   0.0   0.0   0.0 
800.0   320.0   0.0   0.0   0.0 
800.0   480.0   0.0   0.0   0.0 
800.0   640.0   0.0   0.0   0.0 
800.0   800.0   1.0   0.0   0.0 
800.0   960.0   0.0   0.0   0.0 
800.0   1120.0   0.0   0.0   0.0 
800.0   1280.0   0.0   0.0   0.0 
800.0   1440.0   0.0   0.0   0.0 
800.0   1600.0   0.0   0.0   0.0 
960.0   0.0   0.0   0.0   0.0 
960.0   160.0   0.0   0.0   0.0 
960.0   320.0   0.0   0.0   0.0 
960.0   480.0   0.0   0.0   0.0 
960.0   640.0   0.0   0.0   0.0 
960.0   800.0   0.0   0.0   0.0 
960.0   960.0   0.00488190152357   0.0   0.0 
960.0   1120.0   0.0   0.0   0.0 
960.0   1280.0   0.0   0.0   0.0 
960.0   1440.0   0.0   0.0   0.0 
960.0   1600.0   0.0   0.0   0.0 
1120.0   0.0   0.0   0.0   0.0 
1120.0   160.0   0.0   0.0   0.0 
1120.0   320.0   0.0   0.0   0.0 
1120.0   480.0   0.0   0.0   0.0 
1120.0   640.0   0.0   0.0   0.0 
1120.0   800.0   0.0   0.0   0.0 
1120.0   960.0   0.0   0.0   0.0 
1120.0   1120.0   1.0   0.0   0.0 
1120.0   1280.0   0.0   0.0   0.0 
1120.0   1440.0   0.0   0.0   0.0 
1120.0   1600.0   0.0   0.0   0.0 
1280.0   0.0   0.0   0.0   0.0 
1280.0   160.0   0.0   0.0   0.0 
1280.0   320.0   0.0   0.0   0.0 
1280.0   480.0   0.0   0.0   0.0 
1280.0   640.0   0.0   0.0   0.0 
1280.0   800.0   0.0   0.0   0.0 
1280.0   960.0   0.0   0.0   0.0 
1280.0   1120.0   1.50721313208e-09   2.54907206454e-13   3.34981982153e-08 
1280.0   1280.0   1.0   0.0   0.0 
1280.0   1440.0   0.0   0.0   0.0 
1280.0   1600.0   0.0   0.0   0.0 
1440.0   0.0   0.0   0.0   0.0 
1440.0   160.0   0.0   0.0   0.0 
1440.0   320.0   0.0   0.0   0.0 
1440.0   480.0   0.0   0.0   0.0 
1440.0   640.0   0.0   0.0   0.0 
1440.0   800.0   0.0   0.0   0.0 
1440.0   960.0   0.0   0.0   8.32667268469e-15 
1440.0   1120.0   2.879414569e-07   1.27076826839e-09   1.65792495941e-05 
1440.0   1280.0   0.00175272427101   0.0001416133825   0.00922979170704 
1440.0   1440.0   3.14799442069e-09   0.0   0.0 
1440.0   1600.0   0.0   0.0   0.0 
1600.0   0.0   7.86704035249e-13   2.88657986403e-15   2.23699614388e-10 
1600.0   160.0   2.42472708578e-13   3.33066907388e-16   6.86785073256e-11 
1600.0   320.0   8.54871728961e-15   0.0   4.65194549548e-12 
1600.0   480.0   0.0   0.0   2.55351295664e-15 
1600.0   640.0   0.0   0.0   1.24344978758e-14 
1600.0   800.0   5.55111512313e-16   0.0   2.86215495748e-13 
1600.0   960.0   1.03773656335e-11   3.48610029732e-14   1.34543554076e-09 
1600.0   1120.0   3.83069912913e-06   1.34711591993e-07   6.80422670801e-05 
1600.0   1280.0   0.0144766105801   0.00268207375696   0.0503354269998 
1600.0   1440.0   0.170467179023   0.0752505809141   0.404984630977 
1600.0   1600.0   1.0   0.0   0.0 
1760.0   0.0   0.000655960958103   8.68646509502e-05   0.00315323539169 
1760.0   160.0   0.000603061602982   8.3405187206e-05   0.00306216890895 
1760.0   320.0   0.000173945767795   2.41605814599e-05   0.00103204624621 
1760.0   480.0   4.12885062486e-05   4.04206258942e-06   0.000286402165338 
1760.0   640.0   4.34250661907e-06   3.10669679759e-07   4.31635858765e-05 
1760.0   800.0   2.01081299989e-06   1.24262665047e-07   2.23406242434e-05 
1760.0   960.0   6.34163738211e-06   4.772574419e-07   6.04839233461e-05 
1760.0   1120.0   0.000367285274536   5.18099662398e-05   0.00191714824871 
1760.0   1280.0   0.029573867722   0.00993108632423   0.0711435860013 
1760.0   1440.0   0.340605953028   0.199326814718   0.51481582644 
1760.0   1600.0   0.605137041916   0.447987328481   0.753795759691 
1920.0   0.0   0.131605463157   0.0845684499874   0.187687964751 
1920.0   160.0   0.132128666788   0.0826203575156   0.192728905642 
1920.0   320.0   0.098078125894   0.0563569463751   0.154849832434 
1920.0   480.0   0.0837005649504   0.0457814603744   0.138580959484 
1920.0   640.0   0.0479449902784   0.0235753960595   0.0877146983036 
1920.0   800.0   0.0178130706034   0.00726498406033   0.0387267231371 
1920.0   960.0   0.0156103585867   0.00619811591279   0.0351169864098 
1920.0   1120.0   0.0183145653358   0.00730371301813   0.0406192651509 
1920.0   1280.0   0.10758478352   0.0587909141183   0.180347884066 
1920.0   1440.0   0.281210503684   0.185668892727   0.398081658264 
1920.0   1600.0   0.847415653791   0.647095686646   1.0 
2080.0   0.0   0.44588033459   0.392653800021   0.492993857304 
2080.0   160.0   0.447074488882   0.392301063882   0.495958640434 
2080.0   320.0   0.425342361196   0.368354170089   0.47745695446 
2080.0   480.0   0.426879928189   0.361036463085   0.489412463217 
2080.0   640.0   0.382419608009   0.310335500739   0.455388270501 
2080.0   800.0   0.403911813961   0.316731087315   0.496672421795 
2080.0   960.0   0.309517530605   0.229072381718   0.402274681105 
2080.0   1120.0   0.26338610446   0.187974274196   0.354108367146 
2080.0   1280.0   0.312745743377   0.225634420261   0.416754565356 
2080.0   1440.0   0.457144670547   0.347632445697   0.584400218509 
2080.0   1600.0   1.0   1.0   1.0 
2240.0   0.0   0.568868968755   0.540502314495   0.594357518907 
2240.0   160.0   0.626026973625   0.597069133293   0.650680892021 
2240.0   320.0   0.585385084387   0.555541975296   0.611664284455 
2240.0   480.0   0.631118796172   0.597212844775   0.660154638806 
2240.0   640.0   0.687680767823   0.649576244553   0.719019228179 
2240.0   800.0   0.767758976105   0.712847633606   0.81507940544 
2240.0   960.0   0.924549498595   0.800852163767   1.0 
2240.0   1120.0   0.840971822221   0.731113295729   1.0 
2240.0   1280.0   1.0   0.795348350044   1.0 
2240.0   1440.0   1.0   1.0   1.0 
2240.0   1600.0   1.0   1.0   1.0 
