270.0   0.0   1.0   0.0   0.0 
270.0   90.0   1.0   0.0   0.0 
270.0   180.0   1.0   0.0   0.0 
270.0   270.0   1.0   0.0   0.0 
270.0   360.0   0.0   0.0   0.0 
270.0   450.0   0.0   0.0   0.0 
270.0   540.0   0.0   0.0   0.0 
270.0   630.0   0.0   0.0   0.0 
270.0   720.0   0.0   0.0   0.0 
270.0   810.0   0.0   0.0   0.0 
270.0   900.0   0.0   0.0   0.0 
270.0   990.0   0.0   0.0   0.0 
270.0   1080.0   0.0   0.0   0.0 
270.0   1170.0   0.0   0.0   0.0 
270.0   1260.0   0.0   0.0   0.0 
270.0   1350.0   0.0   0.0   0.0 
270.0   1440.0   0.0   0.0   0.0 
270.0   1530.0   0.0   0.0   0.0 
270.0   1620.0   0.0   0.0   0.0 
270.0   1710.0   0.0   0.0   0.0 
270.0   1800.0   0.0   0.0   0.0 
360.0   0.0   0.0   0.0   0.0 
360.0   90.0   1.0   0.0   0.0 
360.0   180.0   1.0   0.0   0.0 
360.0   270.0   1.0   0.0   0.0 
360.0   360.0   0.0   0.0   0.0 
360.0   450.0   0.0   0.0   0.0 
360.0   540.0   0.0   0.0   0.0 
360.0   630.0   0.0   0.0   0.0 
360.0   720.0   0.0   0.0   0.0 
360.0   810.0   0.0   0.0   0.0 
360.0   900.0   0.0   0.0   0.0 
360.0   990.0   0.0   0.0   0.0 
360.0   1080.0   0.0   0.0   0.0 
360.0   1170.0   0.0   0.0   0.0 
360.0   1260.0   0.0   0.0   0.0 
360.0   1350.0   0.0   0.0   0.0 
360.0   1440.0   0.0   0.0   0.0 
360.0   1530.0   0.0   0.0   0.0 
360.0   1620.0   0.0   0.0   0.0 
360.0   1710.0   0.0   0.0   0.0 
360.0   1800.0   0.0   0.0   0.0 
450.0   0.0   0.0   0.0   0.0 
450.0   90.0   0.0   0.0   0.0 
450.0   180.0   1.0   0.0   0.0 
450.0   270.0   1.0   0.0   0.0 
450.0   360.0   1.0   0.0   0.0 
450.0   450.0   1.0   0.0   0.0 
450.0   540.0   0.0   0.0   0.0 
450.0   630.0   0.0   0.0   0.0 
450.0   720.0   0.0   0.0   0.0 
450.0   810.0   0.0   0.0   0.0 
450.0   900.0   0.0   0.0   0.0 
450.0   990.0   0.0   0.0   0.0 
450.0   1080.0   0.0   0.0   0.0 
450.0   1170.0   0.0   0.0   0.0 
450.0   1260.0   0.0   0.0   0.0 
450.0   1350.0   0.0   0.0   0.0 
450.0   1440.0   0.0   0.0   0.0 
450.0   1530.0   0.0   0.0   0.0 
450.0   1620.0   0.0   0.0   0.0 
450.0   1710.0   0.0   0.0   0.0 
450.0   1800.0   0.0   0.0   0.0 
540.0   0.0   0.0   0.0   0.0 
540.0   90.0   0.0   0.0   0.0 
540.0   180.0   0.0   0.0   0.0 
540.0   270.0   1.0   0.0   0.0 
540.0   360.0   0.0   0.0   0.0 
540.0   450.0   0.0   0.0   0.0 
540.0   540.0   0.0   0.0   0.0 
540.0   630.0   0.0   0.0   0.0 
540.0   720.0   0.0   0.0   0.0 
540.0   810.0   0.0   0.0   0.0 
540.0   900.0   0.0   0.0   0.0 
540.0   990.0   0.0   0.0   0.0 
540.0   1080.0   0.0   0.0   0.0 
540.0   1170.0   0.0   0.0   0.0 
540.0   1260.0   0.0   0.0   0.0 
540.0   1350.0   0.0   0.0   0.0 
540.0   1440.0   0.0   0.0   0.0 
540.0   1530.0   0.0   0.0   0.0 
540.0   1620.0   0.0   0.0   0.0 
540.0   1710.0   0.0   0.0   0.0 
540.0   1800.0   0.0   0.0   0.0 
630.0   0.0   0.0   0.0   0.0 
630.0   90.0   0.0   0.0   0.0 
630.0   180.0   0.0   0.0   0.0 
630.0   270.0   0.0   0.0   0.0 
630.0   360.0   0.0   0.0   0.0 
630.0   450.0   0.0   0.0   0.0 
630.0   540.0   1.0   0.0   0.0 
630.0   630.0   1.0   0.0   0.0 
630.0   720.0   0.0   0.0   0.0 
630.0   810.0   0.0   0.0   0.0 
630.0   900.0   0.0   0.0   0.0 
630.0   990.0   0.0   0.0   0.0 
630.0   1080.0   0.0   0.0   0.0 
630.0   1170.0   0.0   0.0   0.0 
630.0   1260.0   0.0   0.0   0.0 
630.0   1350.0   0.0   0.0   0.0 
630.0   1440.0   0.0   0.0   0.0 
630.0   1530.0   0.0   0.0   0.0 
630.0   1620.0   0.0   0.0   0.0 
630.0   1710.0   0.0   0.0   0.0 
630.0   1800.0   0.0   0.0   0.0 
720.0   0.0   0.0   0.0   0.0 
720.0   90.0   0.0   0.0   0.0 
720.0   180.0   0.0   0.0   0.0 
720.0   270.0   0.0   0.0   0.0 
720.0   360.0   0.0   0.0   0.0 
720.0   450.0   1.0   0.0   0.0 
720.0   540.0   0.0   0.0   0.0 
720.0   630.0   1.0   0.0   0.0 
720.0   720.0   0.0   0.0   0.0 
720.0   810.0   0.0   0.0   0.0 
720.0   900.0   0.0   0.0   0.0 
720.0   990.0   0.0   0.0   0.0 
720.0   1080.0   0.0   0.0   0.0 
720.0   1170.0   0.0   0.0   0.0 
720.0   1260.0   0.0   0.0   0.0 
720.0   1350.0   0.0   0.0   0.0 
720.0   1440.0   0.0   0.0   0.0 
720.0   1530.0   0.0   0.0   0.0 
720.0   1620.0   0.0   0.0   0.0 
720.0   1710.0   0.0   0.0   0.0 
720.0   1800.0   0.0   0.0   0.0 
810.0   0.0   0.0   0.0   0.0 
810.0   90.0   0.0   0.0   0.0 
810.0   180.0   0.0   0.0   0.0 
810.0   270.0   0.0   0.0   0.0 
810.0   360.0   0.0   0.0   0.0 
810.0   450.0   0.0   0.0   0.0 
810.0   540.0   1.0   0.0   0.0 
810.0   630.0   1.0   0.0   0.0 
810.0   720.0   1.0   0.0   0.0 
810.0   810.0   1.0   0.0   0.0 
810.0   900.0   0.0   0.0   0.0 
810.0   990.0   0.0   0.0   0.0 
810.0   1080.0   0.0   0.0   0.0 
810.0   1170.0   0.0   0.0   0.0 
810.0   1260.0   0.0   0.0   0.0 
810.0   1350.0   0.0   0.0   0.0 
810.0   1440.0   0.0   0.0   0.0 
810.0   1530.0   0.0   0.0   0.0 
810.0   1620.0   0.0   0.0   0.0 
810.0   1710.0   0.0   0.0   0.0 
810.0   1800.0   0.0   0.0   0.0 
900.0   0.0   0.0   0.0   0.0 
900.0   90.0   0.0   0.0   0.0 
900.0   180.0   0.0   0.0   0.0 
900.0   270.0   0.0   0.0   0.0 
900.0   360.0   0.0   0.0   0.0 
900.0   450.0   0.0   0.0   0.0 
900.0   540.0   0.0   0.0   0.0 
900.0   630.0   0.0   0.0   0.0 
900.0   720.0   1.0   0.0   0.0 
900.0   810.0   1.0   0.0   0.0 
900.0   900.0   1.0   0.0   0.0 
900.0   990.0   0.0   0.0   0.0 
900.0   1080.0   0.0   0.0   0.0 
900.0   1170.0   0.0   0.0   0.0 
900.0   1260.0   0.0   0.0   0.0 
900.0   1350.0   0.0   0.0   0.0 
900.0   1440.0   0.0   0.0   0.0 
900.0   1530.0   0.0   0.0   0.0 
900.0   1620.0   0.0   0.0   0.0 
900.0   1710.0   0.0   0.0   0.0 
900.0   1800.0   0.0   0.0   0.0 
990.0   0.0   0.0   0.0   0.0 
990.0   90.0   0.0   0.0   0.0 
990.0   180.0   0.0   0.0   0.0 
990.0   270.0   0.0   0.0   0.0 
990.0   360.0   0.0   0.0   0.0 
990.0   450.0   0.0   0.0   0.0 
990.0   540.0   0.0   0.0   0.0 
990.0   630.0   0.0   0.0   0.0 
990.0   720.0   0.0   0.0   0.0 
990.0   810.0   1.0   0.0   0.0 
990.0   900.0   0.0   0.0   0.0 
990.0   990.0   1.0   0.0   0.0 
990.0   1080.0   0.0   0.0   0.0 
990.0   1170.0   0.0   0.0   0.0 
990.0   1260.0   0.0   0.0   0.0 
990.0   1350.0   0.0   0.0   0.0 
990.0   1440.0   0.0   0.0   0.0 
990.0   1530.0   0.0   0.0   0.0 
990.0   1620.0   0.0   0.0   0.0 
990.0   1710.0   0.0   0.0   0.0 
990.0   1800.0   0.0   0.0   0.0 
1080.0   0.0   0.0   0.0   0.0 
1080.0   90.0   0.0   0.0   0.0 
1080.0   180.0   0.0   0.0   0.0 
1080.0   270.0   0.0   0.0   0.0 
1080.0   360.0   0.0   0.0   0.0 
1080.0   450.0   0.0   0.0   0.0 
1080.0   540.0   0.0   0.0   0.0 
1080.0   630.0   0.0   0.0   0.0 
1080.0   720.0   0.0   0.0   0.0 
1080.0   810.0   1.0   0.0   0.0 
1080.0   900.0   1.0   0.0   0.0 
1080.0   990.0   0.0   0.0   0.0 
1080.0   1080.0   1.0   0.0   0.0 
1080.0   1170.0   0.0   0.0   0.0 
1080.0   1260.0   0.0   0.0   0.0 
1080.0   1350.0   0.0   0.0   0.0 
1080.0   1440.0   0.0   0.0   0.0 
1080.0   1530.0   0.0   0.0   0.0 
1080.0   1620.0   0.0   0.0   0.0 
1080.0   1710.0   0.0   0.0   0.0 
1080.0   1800.0   0.0   0.0   0.0 
1170.0   0.0   0.0   0.0   0.0 
1170.0   90.0   0.0   0.0   0.0 
1170.0   180.0   0.0   0.0   0.0 
1170.0   270.0   0.0   0.0   0.0 
1170.0   360.0   0.0   0.0   0.0 
1170.0   450.0   0.0   0.0   0.0 
1170.0   540.0   0.0   0.0   0.0 
1170.0   630.0   0.0   0.0   0.0 
1170.0   720.0   0.0   0.0   0.0 
1170.0   810.0   0.0   0.0   0.0 
1170.0   900.0   1.0   0.0   0.0 
1170.0   990.0   1.0   0.0   0.0 
1170.0   1080.0   1.0   0.0   0.0 
1170.0   1170.0   1.0   0.0   0.0 
1170.0   1260.0   0.0   0.0   0.0 
1170.0   1350.0   0.0   0.0   0.0 
1170.0   1440.0   0.0   0.0   0.0 
1170.0   1530.0   0.0   0.0   0.0 
1170.0   1620.0   0.0   0.0   0.0 
1170.0   1710.0   0.0   0.0   0.0 
1170.0   1800.0   0.0   0.0   0.0 
1260.0   0.0   0.0   0.0   0.0 
1260.0   90.0   0.0   0.0   0.0 
1260.0   180.0   0.0   0.0   0.0 
1260.0   270.0   0.0   0.0   0.0 
1260.0   360.0   0.0   0.0   0.0 
1260.0   450.0   0.0   0.0   0.0 
1260.0   540.0   0.0   0.0   0.0 
1260.0   630.0   0.0   0.0   0.0 
1260.0   720.0   0.0   0.0   0.0 
1260.0   810.0   0.0   0.0   0.0 
1260.0   900.0   0.0   0.0   0.0 
1260.0   990.0   1.0   0.0   0.0 
1260.0   1080.0   0.0   0.0   0.0 
1260.0   1170.0   1.0   0.0   0.0 
1260.0   1260.0   1.0   0.0   0.0 
1260.0   1350.0   0.0   0.0   0.0 
1260.0   1440.0   0.0   0.0   0.0 
1260.0   1530.0   0.0   0.0   0.0 
1260.0   1620.0   0.0   0.0   0.0 
1260.0   1710.0   0.0   0.0   0.0 
1260.0   1800.0   0.0   0.0   0.0 
1350.0   0.0   0.0   0.0   0.0 
1350.0   90.0   0.0   0.0   0.0 
1350.0   180.0   0.0   0.0   0.0 
1350.0   270.0   0.0   0.0   0.0 
1350.0   360.0   0.0   0.0   0.0 
1350.0   450.0   0.0   0.0   0.0 
1350.0   540.0   0.0   0.0   0.0 
1350.0   630.0   0.0   0.0   0.0 
1350.0   720.0   0.0   0.0   0.0 
1350.0   810.0   0.0   0.0   0.0 
1350.0   900.0   0.0   0.0   1.44328993201e-15 
1350.0   990.0   2.22044604925e-16   0.0   6.12287998081e-13 
1350.0   1080.0   1.0   0.0   0.0 
1350.0   1170.0   1.0   0.0   0.0 
1350.0   1260.0   8.24172818881e-09   0.0   0.0 
1350.0   1350.0   0.0   0.0   0.0 
1350.0   1440.0   0.0   0.0   0.0 
1350.0   1530.0   0.0   0.0   0.0 
1350.0   1620.0   0.0   0.0   0.0 
1350.0   1710.0   0.0   0.0   0.0 
1350.0   1800.0   0.0   0.0   0.0 
1440.0   0.0   0.0   0.0   0.0 
1440.0   90.0   0.0   0.0   0.0 
1440.0   180.0   0.0   0.0   0.0 
1440.0   270.0   0.0   0.0   0.0 
1440.0   360.0   0.0   0.0   0.0 
1440.0   450.0   0.0   0.0   0.0 
1440.0   540.0   0.0   0.0   0.0 
1440.0   630.0   0.0   0.0   0.0 
1440.0   720.0   0.0   0.0   0.0 
1440.0   810.0   0.0   0.0   0.0 
1440.0   900.0   1.55431223448e-15   0.0   1.14452891609e-12 
1440.0   990.0   2.49429588095e-10   7.21867010611e-13   2.31880110668e-08 
1440.0   1080.0   1.0394363148e-10   2.70117261891e-13   1.12766403992e-08 
1440.0   1170.0   3.14799442069e-09   0.0   0.0 
1440.0   1260.0   3.14799442069e-09   0.0   0.0 
1440.0   1350.0   3.14799442069e-09   0.0   0.0 
1440.0   1440.0   0.0   0.0   0.0 
1440.0   1530.0   0.0   0.0   0.0 
1440.0   1620.0   0.0   0.0   0.0 
1440.0   1710.0   0.0   0.0   0.0 
1440.0   1800.0   0.0   0.0   0.0 
1530.0   0.0   4.66293670343e-15   0.0   3.2640556924e-13 
1530.0   90.0   0.0   0.0   2.19824158876e-14 
1530.0   180.0   1.11022302463e-16   0.0   9.54791801178e-15 
1530.0   270.0   1.44328993201e-15   0.0   1.17128529098e-13 
1530.0   360.0   1.11022302463e-16   0.0   1.22346577314e-13 
1530.0   450.0   0.0   0.0   3.21964677141e-15 
1530.0   540.0   0.0   0.0   7.32747196253e-15 
1530.0   630.0   0.0   0.0   5.55111512313e-16 
1530.0   720.0   4.21884749358e-15   0.0   1.84430248851e-12 
1530.0   810.0   8.10462807976e-15   0.0   3.13815640141e-12 
1530.0   900.0   4.39283498466e-10   3.1651348209e-12   2.33924668525e-08 
1530.0   990.0   7.1270016555e-09   9.82085524015e-11   2.26229556199e-07 
1530.0   1080.0   2.85060650163e-06   1.15224805142e-07   3.3882958369e-05 
1530.0   1170.0   2.44284653889e-05   1.38078875167e-06   0.000229058374992 
1530.0   1260.0   1.0   0.0   0.0 
1530.0   1350.0   1.0   0.0   0.0 
1530.0   1440.0   1.0   0.0   0.0 
1530.0   1530.0   1.0   0.0   0.0 
1530.0   1620.0   0.0   0.0   0.0 
1530.0   1710.0   0.0   0.0   0.0 
1530.0   1800.0   0.0   0.0   0.0 
1620.0   0.0   1.14950099439e-08   2.3499258095e-10   8.6819223255e-08 
1620.0   90.0   4.63031446518e-09   8.06643640772e-11   1.60932948301e-07 
1620.0   180.0   1.69748370915e-09   2.57913690405e-11   3.57926643879e-08 
1620.0   270.0   9.4116570093e-10   1.27721166976e-11   1.12688761655e-08 
1620.0   360.0   2.95618729496e-09   4.39557279464e-11   1.2340166522e-07 
1620.0   450.0   0.0   0.0   0.0 
1620.0   540.0   2.09383765881e-09   2.91882074066e-11   8.84491077047e-08 
1620.0   630.0   3.49511641851e-10   3.2099878311e-12   2.10683097635e-08 
1620.0   720.0   8.91699936112e-10   1.23954180253e-11   3.53768789818e-08 
1620.0   810.0   1.32384625484e-09   1.91310300934e-11   1.39839422264e-08 
1620.0   900.0   1.49706965824e-07   4.80182293927e-09   3.0445052942e-06 
1620.0   990.0   1.81960623069e-06   1.02687357062e-07   2.25260920387e-05 
1620.0   1080.0   8.44967193919e-05   9.12948882248e-06   0.000581539040292 
1620.0   1170.0   0.00224775521628   0.000450359504727   0.00806277845014 
1620.0   1260.0   0.00248115153051   0.000499783019454   0.0100077907012 
1620.0   1350.0   1.0   0.0   0.0 
1620.0   1440.0   1.0   0.0   0.0 
1620.0   1530.0   1.0   0.0   0.0 
1620.0   1620.0   1.0   0.0   0.0 
1620.0   1710.0   0.0   0.0   0.0 
1620.0   1800.0   0.0   0.0   0.0 
1710.0   0.0   6.67193815043e-05   8.74891022695e-06   0.0003663769534 
1710.0   90.0   1.0614269315e-05   1.12886303794e-06   7.31470178257e-05 
1710.0   180.0   2.28974787577e-05   2.46879979604e-06   0.000151431018403 
1710.0   270.0   2.21024276598e-05   2.40671982632e-06   5.70470381915e-05 
1710.0   360.0   4.10189764799e-06   3.51228951367e-07   1.346121947e-05 
1710.0   450.0   3.49022778645e-06   2.83120166533e-07   1.22259740077e-05 
1710.0   540.0   5.99376905697e-06   5.34376895511e-07   4.79911819349e-05 
1710.0   630.0   2.9293268462e-06   2.22707362107e-07   3.08562407492e-05 
1710.0   720.0   2.40675050933e-06   1.74257534513e-07   2.63998744332e-05 
1710.0   810.0   8.43448590038e-06   7.81332290978e-07   6.51694691093e-05 
1710.0   900.0   9.88232157051e-06   9.2144475683e-07   7.62351772993e-05 
1710.0   990.0   9.58458127426e-05   1.40764207504e-05   0.000437542630418 
1710.0   1080.0   0.000477319576857   9.58433693581e-05   0.00185520779678 
1710.0   1170.0   0.00582511024466   0.00174529682033   0.0158383725678 
1710.0   1260.0   0.0278483508998   0.0117795825981   0.0555042766064 
1710.0   1350.0   0.0467103049165   0.0199670653738   0.0796418313315 
1710.0   1440.0   1.0   0.0   0.0753153223684 
1710.0   1530.0   0.0765727869534   0.0   0.026618743764 
1710.0   1620.0   0.00598868095987   0.0   0.00946401657016 
1710.0   1710.0   1.0   0.0   0.0511908368187 
1710.0   1800.0   0.0   0.0   0.0 
1800.0   0.0   0.00421348130058   0.00141263374778   0.0107565120882 
1800.0   90.0   0.00856811524207   0.00322319314968   0.0191067765506 
1800.0   180.0   0.00232323406287   0.000686795047548   0.00734941427271 
1800.0   270.0   0.00297303288347   0.000931009946086   0.00804092076381 
1800.0   360.0   0.0   0.0   0.0 
1800.0   450.0   0.00145481371629   0.000399037212769   0.00443118917825 
1800.0   540.0   0.00186357830237   0.000537128275515   0.00583494615547 
1800.0   630.0   0.00106712873003   0.000273852991922   0.00341009090464 
1800.0   720.0   0.000919352311297   0.00023051725694   0.00325396255244 
1800.0   810.0   0.00122462426837   0.000314111475718   0.00455126673153 
1800.0   900.0   0.00145680467183   0.000384151915098   0.00544289788833 
1800.0   990.0   0.00206974487899   0.000574402671599   0.00626079632797 
1800.0   1080.0   0.00469981319981   0.00157350132186   0.0120280123155 
1800.0   1170.0   0.0167458877423   0.00690087119146   0.0310023645561 
1800.0   1260.0   0.036127698657   0.0170922237062   0.0588214344349 
1800.0   1350.0   0.116836915336   0.0680879321993   0.181437796653 
1800.0   1440.0   0.183644401276   0.117557717483   0.221695431841 
1800.0   1530.0   0.529391994414   0.0   0.0437001605474 
1800.0   1620.0   0.0128058837815   0.0   0.0117486782801 
1800.0   1710.0   1.0   0.0   0.0480114760285 
1800.0   1800.0   1.0   0.0   0.0480114760285 
1890.0   0.0   0.0451562509365   0.0245647133735   0.0962599687139 
1890.0   90.0   0.0560542041383   0.031371842984   0.0941712864117 
1890.0   180.0   0.0430494861342   0.0224545484331   0.0253894295991 
1890.0   270.0   0.0351249185085   0.0179989370224   0.0622668936608 
1890.0   360.0   0.0322852606194   0.016180676179   0.0634651512046 
1890.0   450.0   0.0439658655931   0.0229439152569   0.0766505550034 
1890.0   540.0   0.02179470806   0.0102356719919   0.0436739115201 
1890.0   630.0   0.0206022764103   0.00950336274278   0.0415516827033 
1890.0   720.0   0.0200006410616   0.00899231487179   0.0458199748272 
1890.0   810.0   0.0215400080997   0.00992354786259   0.0421243855034 
1890.0   900.0   0.0172558683534   0.00762988433555   0.0351432341604 
1890.0   990.0   0.0173344769512   0.00770511850524   0.0390841939749 
1890.0   1080.0   0.0339249578635   0.0169884807181   0.0617635146916 
1890.0   1170.0   0.0592321356233   0.033277274725   0.0841498261567 
1890.0   1260.0   0.0896620037211   0.0525194034631   0.141321407707 
1890.0   1350.0   0.204278472134   0.139890769315   0.279559706375 
1890.0   1440.0   0.239319291316   0.170674586346   0.316807188096 
1890.0   1530.0   0.377656300399   0.288536467895   0.469846924026 
1890.0   1620.0   1.0   0.0   0.0 
1890.0   1710.0   1.0   0.0   0.0 
1890.0   1800.0   1.0   0.0   0.0 
1980.0   0.0   0.198608951902   0.145064923408   0.0769938000078 
1980.0   90.0   0.190841455564   0.135365475542   0.0764010191652 
1980.0   180.0   0.2062711656   0.149928929709   0.0771986524292 
1980.0   270.0   0.0   0.0   0.0 
1980.0   360.0   0.187729569893   0.134087314257   0.0743159942393 
1980.0   450.0   0.173708885235   0.11932638919   0.239728574094 
1980.0   540.0   0.13556288108   0.0897525074119   0.0998650633876 
1980.0   630.0   0.117074018754   0.0758648058756   0.0882713470905 
1980.0   720.0   0.145020238521   0.0973421654657   0.105781986645 
1980.0   810.0   0.101614205807   0.0641285552917   0.083012639082 
1980.0   900.0   0.133382971542   0.0879489906889   0.191506556555 
1980.0   990.0   0.111617767271   0.0718612610833   0.164098605399 
1980.0   1080.0   0.121593218387   0.0782358796563   0.178555117589 
1980.0   1170.0   0.128917543372   0.0841825554837   0.186934561182 
1980.0   1260.0   0.146278564117   0.0981509703288   0.20660674175 
1980.0   1350.0   0.233381836999   0.173671960602   0.300326976015 
1980.0   1440.0   0.321518855322   0.252048415755   0.326888232404 
1980.0   1530.0   0.410635873818   0.329834246855   0.493820662731 
1980.0   1620.0   0.0   0.0   0.0 
1980.0   1710.0   0.192606129291   7.37099317139e-08   0.0191712953195 
1980.0   1800.0   0.346596363555   1.13554990522e-07   0.02378858111 
2070.0   0.0   0.423004429868   0.354790051121   0.490129133487 
2070.0   90.0   0.401923588321   0.332974848483   0.600574183079 
2070.0   180.0   0.406085468938   0.338379378195   0.621784307306 
2070.0   270.0   0.414337085894   0.336704807737   0.494564154154 
2070.0   360.0   0.346754261498   0.280790030555   0.415700725074 
2070.0   450.0   0.406180902902   0.331534091675   0.482874336889 
2070.0   540.0   0.405728499899   0.330526802157   0.551193579484 
2070.0   630.0   0.392971002411   0.321813037305   0.480380091775 
2070.0   720.0   0.320021200956   0.247909145323   0.406232701367 
2070.0   810.0   0.308093732639   0.238574046313   0.390892990912 
2070.0   900.0   0.300484205192   0.233237595532   0.380427901966 
2070.0   990.0   0.300935716618   0.231322356337   0.379118168314 
2070.0   1080.0   0.2730688365   0.208753807457   0.345690968029 
2070.0   1170.0   0.276180388251   0.210836660071   0.35040135708 
2070.0   1260.0   0.269206211868   0.204551773434   0.342719116257 
2070.0   1350.0   0.366842266191   0.295004951847   0.443272065837 
2070.0   1440.0   0.409415572723   0.342417596643   0.477225246091 
2070.0   1530.0   0.533261072056   0.463567291253   0.47316937945 
2070.0   1620.0   0.0   0.0   0.0 
2070.0   1710.0   0.0   0.0   0.0 
2070.0   1800.0   1.0   8.88890936523e-07   0.0301319832913 
2160.0   0.0   0.722721601581   0.654394728189   0.784292739203 
2160.0   90.0   0.69338643484   0.632603681404   0.746109453444 
2160.0   180.0   0.80403659818   0.718994654619   0.895588982805 
2160.0   270.0   0.661164992207   0.600049310389   0.715546666335 
2160.0   360.0   0.739681822246   0.663662588951   0.811815667964 
2160.0   450.0   0.6417823576   0.568757456344   0.711615900134 
2160.0   540.0   0.0   0.0   0.0 
2160.0   630.0   0.666142489891   0.586880029994   0.744319152048 
2160.0   720.0   0.611805212757   0.529297200464   0.696176056109 
2160.0   810.0   0.589491235481   0.511336272029   0.668292606074 
2160.0   900.0   0.622430589993   0.536159316901   0.712655902913 
2160.0   990.0   0.564521926271   0.480421937677   0.652501036397 
2160.0   1080.0   0.523946089559   0.444300350597   0.60746867235 
2160.0   1170.0   0.469973355579   0.392822453639   0.552141744126 
2160.0   1260.0   0.476684558631   0.403526762745   0.552912912176 
2160.0   1350.0   0.479726856109   0.412946272659   0.547253878658 
2160.0   1440.0   0.576389538823   0.510368637983   0.640303701091 
2160.0   1530.0   0.605119245616   0.541257000804   0.665954679818 
2160.0   1620.0   0.0   0.0   0.0 
2160.0   1710.0   0.0   0.0   0.0 
2160.0   1800.0   0.0   0.0   0.0 
2250.0   0.0   1.0   0.886338102684   1.0 
2250.0   90.0   0.926494769259   0.863744179863   1.0 
2250.0   180.0   1.0   1.0   1.0 
2250.0   270.0   0.786882425609   0.734655023786   0.833419877968 
2250.0   360.0   0.859025675186   0.789439341851   0.940524576374 
2250.0   450.0   0.886264059006   0.818814378016   0.973699398747 
2250.0   540.0   1.0   0.842101925201   1.0 
2250.0   630.0   1.0   0.901246906517   1.0 
2250.0   720.0   1.0   0.852848353915   1.0 
2250.0   810.0   1.0   0.884130221992   1.0 
2250.0   900.0   0.868735756952   0.763048808195   1.0 
2250.0   990.0   1.0   0.833281316479   1.0 
2250.0   1080.0   0.782935306752   0.698271713229   0.884898135555 
2250.0   1170.0   0.764082516471   0.682488017235   0.857005684661 
2250.0   1260.0   0.736580210355   0.658413654175   0.821581452805 
2250.0   1350.0   0.754816842639   0.681059868605   0.833064215113 
2250.0   1440.0   0.718420931678   0.647229124446   0.791749262777 
2250.0   1530.0   0.678659344574   0.621609884688   0.73347389453 
2250.0   1620.0   0.0   0.0   0.0 
2250.0   1710.0   0.0   0.0   0.0 
2250.0   1800.0   0.0   0.0   0.0 
2340.0   0.0   1.0   1.0   1.0 
2340.0   90.0   1.0   1.0   1.0 
2340.0   180.0   1.0   1.0   1.0 
2340.0   270.0   1.0   1.0   1.0 
2340.0   360.0   1.0   1.0   1.0 
2340.0   450.0   1.0   1.0   1.0 
2340.0   540.0   1.0   1.0   1.0 
2340.0   630.0   1.0   1.0   1.0 
2340.0   720.0   1.0   1.0   1.0 
2340.0   810.0   1.0   1.0   1.0 
2340.0   900.0   1.0   1.0   1.0 
2340.0   990.0   1.0   1.0   1.0 
2340.0   1080.0   1.0   1.0   1.0 
2340.0   1170.0   1.0   1.0   1.0 
2340.0   1260.0   1.0   0.920996866113   1.0 
2340.0   1350.0   1.0   0.840632052666   1.0 
2340.0   1440.0   0.919942490286   0.8271223955   1.0 
2340.0   1530.0   0.861645332504   0.797184216646   0.945539440903 
2340.0   1620.0   0.0   0.0   0.0 
2340.0   1710.0   0.0   0.0   0.0 
2340.0   1800.0   0.0   0.0   0.0 
