120.0   0.0   0.0   0.0   0.0 
120.0   60.0   0.0   0.0   0.0 
120.0   120.0   0.0   0.0   0.0 
120.0   180.0   0.0   0.0   0.0 
120.0   240.0   0.0   0.0   0.0 
120.0   300.0   0.0   0.0   0.0 
120.0   360.0   0.0   0.0   0.0 
120.0   420.0   0.0   0.0   0.0 
120.0   480.0   0.0   0.0   0.0 
120.0   540.0   0.0   0.0   0.0 
120.0   600.0   0.0   0.0   0.0 
120.0   660.0   0.0   0.0   0.0 
120.0   720.0   0.0   0.0   0.0 
120.0   780.0   0.0   0.0   0.0 
120.0   840.0   0.0   0.0   0.0 
120.0   900.0   0.0   0.0   0.0 
120.0   960.0   0.0   0.0   0.0 
120.0   1020.0   0.0   0.0   0.0 
120.0   1080.0   0.0   0.0   0.0 
120.0   1140.0   0.0   0.0   0.0 
180.0   0.0   0.0   0.0   0.0 
180.0   60.0   0.0   0.0   0.0 
180.0   120.0   0.0   0.0   0.0 
180.0   180.0   0.0   0.0   0.0 
180.0   240.0   0.0   0.0   0.0 
180.0   300.0   0.0   0.0   0.0 
180.0   360.0   0.0   0.0   0.0 
180.0   420.0   0.0   0.0   0.0 
180.0   480.0   0.0   0.0   0.0 
180.0   540.0   0.0   0.0   0.0 
180.0   600.0   0.0   0.0   0.0 
180.0   660.0   0.0   0.0   0.0 
180.0   720.0   0.0   0.0   0.0 
180.0   780.0   0.0   0.0   0.0 
180.0   840.0   0.0   0.0   0.0 
180.0   900.0   0.0   0.0   0.0 
180.0   960.0   0.0   0.0   0.0 
180.0   1020.0   0.0   0.0   0.0 
180.0   1080.0   0.0   0.0   0.0 
180.0   1140.0   0.0   0.0   0.0 
240.0   0.0   0.0   0.0   0.0 
240.0   60.0   0.0   0.0   0.0 
240.0   120.0   0.0   0.0   0.0 
240.0   180.0   0.0   0.0   0.0 
240.0   240.0   0.0   0.0   0.0 
240.0   300.0   0.0   0.0   0.0 
240.0   360.0   0.0   0.0   0.0 
240.0   420.0   0.0   0.0   0.0 
240.0   480.0   0.0   0.0   0.0 
240.0   540.0   0.0   0.0   0.0 
240.0   600.0   0.0   0.0   0.0 
240.0   660.0   0.0   0.0   0.0 
240.0   720.0   0.0   0.0   0.0 
240.0   780.0   0.0   0.0   0.0 
240.0   840.0   0.0   0.0   0.0 
240.0   900.0   0.0   0.0   0.0 
240.0   960.0   0.0   0.0   0.0 
240.0   1020.0   0.0   0.0   0.0 
240.0   1080.0   0.0   0.0   0.0 
240.0   1140.0   0.0   0.0   0.0 
300.0   0.0   0.0   0.0   0.0 
300.0   60.0   0.0   0.0   0.0 
300.0   120.0   0.0   0.0   0.0 
300.0   180.0   0.0   0.0   0.0 
300.0   240.0   0.0   0.0   0.0 
300.0   300.0   0.0   0.0   0.0 
300.0   360.0   0.0   0.0   0.0 
300.0   420.0   0.0   0.0   0.0 
300.0   480.0   0.0   0.0   0.0 
300.0   540.0   0.0   0.0   0.0 
300.0   600.0   0.0   0.0   0.0 
300.0   660.0   0.0   0.0   0.0 
300.0   720.0   0.0   0.0   0.0 
300.0   780.0   0.0   0.0   0.0 
300.0   840.0   0.0   0.0   0.0 
300.0   900.0   0.0   0.0   0.0 
300.0   960.0   0.0   0.0   0.0 
300.0   1020.0   0.0   0.0   0.0 
300.0   1080.0   0.0   0.0   0.0 
300.0   1140.0   0.0   0.0   0.0 
360.0   0.0   0.0   0.0   0.0 
360.0   60.0   0.0   0.0   0.0 
360.0   120.0   0.0   0.0   0.0 
360.0   180.0   0.0   0.0   0.0 
360.0   240.0   0.0   0.0   0.0 
360.0   300.0   0.0   0.0   0.0 
360.0   360.0   0.0   0.0   0.0 
360.0   420.0   0.0   0.0   0.0 
360.0   480.0   0.0   0.0   0.0 
360.0   540.0   0.0   0.0   0.0 
360.0   600.0   0.0   0.0   0.0 
360.0   660.0   0.0   0.0   0.0 
360.0   720.0   0.0   0.0   0.0 
360.0   780.0   0.0   0.0   0.0 
360.0   840.0   0.0   0.0   0.0 
360.0   900.0   0.0   0.0   0.0 
360.0   960.0   0.0   0.0   0.0 
360.0   1020.0   0.0   0.0   0.0 
360.0   1080.0   0.0   0.0   0.0 
360.0   1140.0   0.0   0.0   0.0 
420.0   0.0   0.0   0.0   0.0 
420.0   60.0   0.0   0.0   0.0 
420.0   120.0   0.0   0.0   0.0 
420.0   180.0   0.0   0.0   0.0 
420.0   240.0   0.0   0.0   0.0 
420.0   300.0   0.0   0.0   0.0 
420.0   360.0   0.0   0.0   0.0 
420.0   420.0   0.0   0.0   0.0 
420.0   480.0   0.0   0.0   0.0 
420.0   540.0   0.0   0.0   0.0 
420.0   600.0   0.0   0.0   0.0 
420.0   660.0   0.0   0.0   0.0 
420.0   720.0   0.0   0.0   0.0 
420.0   780.0   0.0   0.0   0.0 
420.0   840.0   0.0   0.0   0.0 
420.0   900.0   0.0   0.0   0.0 
420.0   960.0   0.0   0.0   0.0 
420.0   1020.0   0.0   0.0   0.0 
420.0   1080.0   0.0   0.0   0.0 
420.0   1140.0   0.0   0.0   0.0 
480.0   0.0   0.0   0.0   0.0 
480.0   60.0   0.0   0.0   0.0 
480.0   120.0   0.0   0.0   0.0 
480.0   180.0   0.0   0.0   0.0 
480.0   240.0   0.0   0.0   0.0 
480.0   300.0   0.0   0.0   0.0 
480.0   360.0   0.0   0.0   0.0 
480.0   420.0   0.0   0.0   0.0 
480.0   480.0   0.0   0.0   0.0 
480.0   540.0   0.0   0.0   0.0 
480.0   600.0   0.0   0.0   0.0 
480.0   660.0   0.0   0.0   0.0 
480.0   720.0   0.0   0.0   0.0 
480.0   780.0   0.0   0.0   0.0 
480.0   840.0   0.0   0.0   0.0 
480.0   900.0   0.0   0.0   0.0 
480.0   960.0   0.0   0.0   0.0 
480.0   1020.0   0.0   0.0   0.0 
480.0   1080.0   0.0   0.0   0.0 
480.0   1140.0   0.0   0.0   0.0 
540.0   0.0   0.0   0.0   0.0 
540.0   60.0   0.0   0.0   5.55111512313e-16 
540.0   120.0   0.0   0.0   0.0 
540.0   180.0   0.0   0.0   0.0 
540.0   240.0   0.0   0.0   0.0 
540.0   300.0   0.0   0.0   0.0 
540.0   360.0   0.0   0.0   0.0 
540.0   420.0   0.0   0.0   0.0 
540.0   480.0   0.0   0.0   0.0 
540.0   540.0   0.0   0.0   0.0 
540.0   600.0   0.0   0.0   0.0 
540.0   660.0   0.0   0.0   0.0 
540.0   720.0   0.0   0.0   0.0 
540.0   780.0   0.0   0.0   0.0 
540.0   840.0   0.0   0.0   0.0 
540.0   900.0   0.0   0.0   0.0 
540.0   960.0   0.0   0.0   0.0 
540.0   1020.0   0.0   0.0   0.0 
540.0   1080.0   0.0   0.0   0.0 
540.0   1140.0   0.0   0.0   0.0 
600.0   0.0   3.47188944261e-12   0.0   0.0 
600.0   60.0   0.0   0.0   0.0 
600.0   120.0   0.0   0.0   0.0 
600.0   180.0   0.0   0.0   0.0 
600.0   240.0   0.0   0.0   0.0 
600.0   300.0   0.0   0.0   0.0 
600.0   360.0   0.0   0.0   0.0 
600.0   420.0   0.0   0.0   0.0 
600.0   480.0   0.0   0.0   0.0 
600.0   540.0   0.0   0.0   0.0 
600.0   600.0   0.0   0.0   0.0 
600.0   660.0   0.0   0.0   0.0 
600.0   720.0   0.0   0.0   0.0 
600.0   780.0   0.0   0.0   0.0 
600.0   840.0   0.0   0.0   0.0 
600.0   900.0   0.0   0.0   0.0 
600.0   960.0   0.0   0.0   0.0 
600.0   1020.0   0.0   0.0   0.0 
600.0   1080.0   0.0   0.0   0.0 
600.0   1140.0   0.0   0.0   0.0 
660.0   0.0   9.14486815162e-08   2.41140440949e-12   3.72717458896e-06 
660.0   60.0   3.17805423089e-08   7.45847827943e-13   1.04120605582e-07 
660.0   120.0   8.80002737347e-11   7.77156117238e-16   1.59042333747e-08 
660.0   180.0   0.0   0.0   4.4408920985e-16 
660.0   240.0   0.0   0.0   0.0 
660.0   300.0   0.0   0.0   0.0 
660.0   360.0   0.0   0.0   0.0 
660.0   420.0   0.0   0.0   0.0 
660.0   480.0   0.0   0.0   0.0 
660.0   540.0   0.0   0.0   0.0 
660.0   600.0   0.0   0.0   0.0 
660.0   660.0   0.0   0.0   0.0 
660.0   720.0   0.0   0.0   0.0 
660.0   780.0   0.0   0.0   0.0 
660.0   840.0   0.0   0.0   0.0 
660.0   900.0   0.0   0.0   0.0 
660.0   960.0   0.0   0.0   0.0 
660.0   1020.0   0.0   0.0   0.0 
660.0   1080.0   0.0   0.0   0.0 
660.0   1140.0   0.0   0.0   0.0 
720.0   0.0   0.0   0.0   0.0 
720.0   60.0   0.0   0.0   0.0 
720.0   120.0   3.54717398121e-07   3.1592373162e-10   2.71502911334e-05 
720.0   180.0   2.77606282406e-09   3.82360809681e-13   6.46700826223e-08 
720.0   240.0   1.05471187339e-14   0.0   5.38735722699e-12 
720.0   300.0   0.0   0.0   0.0 
720.0   360.0   0.0   0.0   0.0 
720.0   420.0   0.0   0.0   0.0 
720.0   480.0   0.0   0.0   0.0 
720.0   540.0   0.0   0.0   0.0 
720.0   600.0   0.0   0.0   0.0 
720.0   660.0   0.0   0.0   9.99200722163e-15 
720.0   720.0   0.0   0.0   0.0 
720.0   780.0   0.0   0.0   0.0 
720.0   840.0   0.0   0.0   0.0 
720.0   900.0   0.0   0.0   0.0 
720.0   960.0   0.0   0.0   0.0 
720.0   1020.0   0.0   0.0   0.0 
720.0   1080.0   0.0   0.0   0.0 
720.0   1140.0   0.0   0.0   0.0 
780.0   0.0   0.0289059520587   0.00426371604201   0.0819349792907 
780.0   60.0   0.0061651825389   0.000595834727353   0.000477078176888 
780.0   120.0   0.00440165812986   0.000190711531349   0.0290039177559 
780.0   180.0   0.000185053677408   2.89079950067e-06   9.0995141529e-05 
780.0   240.0   1.95182616514e-07   3.10688919036e-10   6.18502558791e-06 
780.0   300.0   4.77941908272e-10   1.47770684578e-13   2.32168765324e-08 
780.0   360.0   1.02140518266e-14   0.0   1.53055346175e-11 
780.0   420.0   1.11022302463e-16   0.0   1.09912079438e-14 
780.0   480.0   0.0   0.0   5.35127497869e-14 
780.0   540.0   0.0   0.0   4.57855975355e-13 
780.0   600.0   1.11022302463e-16   0.0   3.90132370853e-13 
780.0   660.0   7.16093850883e-14   0.0   1.57612922713e-10 
780.0   720.0   5.44519984658e-12   1.11022302463e-16   4.64852079052e-09 
780.0   780.0   0.0   0.0   0.0 
780.0   840.0   0.0   0.0   0.0 
780.0   900.0   0.0   0.0   0.0 
780.0   960.0   0.0   0.0   0.0 
780.0   1020.0   0.0   0.0   0.0 
780.0   1080.0   0.0   0.0   0.0 
780.0   1140.0   0.0   0.0   0.0 
840.0   0.0   0.107888149308   0.0266664453855   0.0844273842178 
840.0   60.0   0.0966069273008   0.0235051095723   0.204063590083 
840.0   120.0   0.0561504079948   0.01105412021   0.12067261349 
840.0   180.0   0.0255252122119   0.00379638556572   0.0113135576373 
840.0   240.0   0.00333324688865   0.000182653819049   0.00210749448597 
840.0   300.0   4.88371369503e-05   1.46764260711e-06   2.09363338941e-05 
840.0   360.0   1.30970930323e-07   1.06788122789e-09   8.72831986687e-08 
840.0   420.0   1.70655312104e-09   1.21236354289e-12   1.36245295601e-07 
840.0   480.0   5.88479265318e-11   2.60902410787e-14   4.27448187956e-10 
840.0   540.0   0.0   0.0   0.0 
840.0   600.0   4.13659106968e-11   1.84297022088e-14   3.73830499889e-09 
840.0   660.0   1.21687482313e-09   7.36188887629e-13   2.24829719286e-07 
840.0   720.0   4.14172685037e-08   4.81529260909e-11   3.31064430081e-06 
840.0   780.0   1.23260407792e-06   3.62507746043e-09   4.77069880941e-05 
840.0   840.0   0.0   0.0   0.0 
840.0   900.0   0.0   0.0   0.0 
840.0   960.0   0.0   0.0   0.0 
840.0   1020.0   0.0   0.0   0.0 
840.0   1080.0   0.0   0.0   0.0 
840.0   1140.0   0.0   0.0   0.0 
900.0   0.0   0.294012661197   0.139342135113   0.453740876319 
900.0   60.0   0.235732575914   0.107543416021   0.364950416968 
900.0   120.0   0.0846751275944   0.0334555382883   0.146857582403 
900.0   180.0   0.0897630730227   0.0288327523104   0.00452222944523 
900.0   240.0   0.0469474238896   0.0108831307293   0.0646365686497 
900.0   300.0   0.00935131282364   0.00154933124223   0.0322145519799 
900.0   360.0   0.00117781194075   0.000102412974936   0.00381509857223 
900.0   420.0   3.16424682023e-05   1.3474279682e-06   0.000322366291486 
900.0   480.0   1.01197763684e-05   2.03543833677e-07   0.000154448508227 
900.0   540.0   3.58573957471e-06   6.03756521445e-08   8.60030089179e-05 
900.0   600.0   0.0   0.0   0.0 
900.0   660.0   3.55811672936e-06   5.68178771809e-08   0.000145005168881 
900.0   720.0   1.34569363454e-05   3.55524306106e-07   0.000399934721908 
900.0   780.0   2.86879433768e-05   4.11875292761e-07   0.000273271765117 
900.0   840.0   0.000118183884927   4.10683748198e-06   0.00102197178482 
900.0   900.0   0.0   0.0   0.0 
900.0   960.0   0.0   0.0   0.0 
900.0   1020.0   0.0   0.0   0.0 
900.0   1080.0   0.0   0.0   0.0 
900.0   1140.0   0.0   0.0   0.0 
960.0   0.0   0.348532738323   0.208626594717   0.462498930184 
960.0   60.0   0.301849647173   0.176973693514   0.0236652078994 
960.0   120.0   0.611472471216   0.354392005249   1.0 
960.0   180.0   0.327806932607   0.184023504413   0.0238288003403 
960.0   240.0   0.1582949474   0.0750214016314   0.340608779755 
960.0   300.0   0.0723934154347   0.0277107069404   0.162686226585 
960.0   360.0   0.0228994869019   0.00663799936053   0.0298713879016 
960.0   420.0   0.00432361757294   0.000453087144675   0.0114126760188 
960.0   480.0   0.0013707336405   0.000202285106662   0.00471749398027 
960.0   540.0   0.000637717071367   0.000122509802444   0.00342979019188 
960.0   600.0   0.0   0.0   0.0 
960.0   660.0   0.000381032164811   7.61886951615e-05   0.00564613895612 
960.0   720.0   0.000346823788651   3.74998985412e-05   0.00239278351163 
960.0   780.0   0.000538559037372   6.02088049548e-05   0.00420120641256 
960.0   840.0   0.00375438728331   0.00126453762206   0.0125705782486 
960.0   900.0   0.00607065631503   0.00125025218682   0.0222463453192 
960.0   960.0   0.0   0.0   0.0 
960.0   1020.0   0.0   0.0   0.0 
960.0   1080.0   0.0   0.0   0.0 
960.0   1140.0   0.0   0.0   0.0 
1020.0   0.0   1.0   0.754632890739   0.72360771257 
1020.0   60.0   0.445151825372   0.314426015178   0.562904552254 
1020.0   120.0   0.526809036936   0.37077631418   0.511692368404 
1020.0   180.0   0.427205884384   0.291245693698   0.443225604846 
1020.0   240.0   0.416166285656   0.273708510299   0.431916599949 
1020.0   300.0   0.164380437091   0.0953879063597   0.202863426979 
1020.0   360.0   0.0903777577196   0.0411585464544   0.0773266611024 
1020.0   420.0   0.0799938319511   0.0323788184908   0.0673507775072 
1020.0   480.0   0.0243763768422   0.00873125547149   0.0387968559234 
1020.0   540.0   0.0302286339666   0.00889355635379   0.0472991677284 
1020.0   600.0   0.0176836951508   0.00246884186196   0.0305305269893 
1020.0   660.0   0.0110601061004   0.00236041673443   0.0204380237555 
1020.0   720.0   0.00678121051967   0.000645725298703   0.0133358875642 
1020.0   780.0   0.00815703592024   0.00245177211543   0.027032786652 
1020.0   840.0   0.0095063964892   0.00288726590523   0.0346494250848 
1020.0   900.0   0.0258637972734   0.00868739863099   0.0632644337461 
1020.0   960.0   0.0310780782184   0.0186029359648   0.0756700269471 
1020.0   1020.0   0.0   0.0   0.0 
1020.0   1080.0   0.0   0.0   0.0 
1020.0   1140.0   0.0   0.0   0.0 
1080.0   0.0   0.55769314884   0.45384487211   0.492966775919 
1080.0   60.0   0.570839005728   0.459123037003   0.506979171892 
1080.0   120.0   0.538052647061   0.419457444966   0.493915127813 
1080.0   180.0   0.935493682539   0.669814630541   0.669172113472 
1080.0   240.0   0.665328293516   0.525302743066   0.56124554033 
1080.0   300.0   0.544291238448   0.407981934501   0.507492669395 
1080.0   360.0   0.340241751007   0.219659287118   0.477718122751 
1080.0   420.0   0.185019369889   0.110707286742   0.270501239149 
1080.0   480.0   0.131209898429   0.104984482011   0.211092232727 
1080.0   540.0   0.0970761185487   0.100978876548   0.166172133816 
1080.0   600.0   0.0653859790317   0.0435913478105   0.11823315798 
1080.0   660.0   0.0642090710897   0.0424983375993   0.115474058577 
1080.0   720.0   0.0629887975671   0.0206959232415   0.114097594898 
1080.0   780.0   0.0491334032312   0.0176078093792   0.0986886654447 
1080.0   840.0   0.0519949837892   0.0190555963308   0.10062034046 
1080.0   900.0   0.0944092829362   0.0455902347041   0.156449920398 
1080.0   960.0   0.12094416768   0.0489771901592   0.19053260339 
1080.0   1020.0   0.103136166445   0.0500112786418   0.224997800605 
1080.0   1080.0   0.0   0.0   0.0 
1080.0   1140.0   0.0   0.0   0.0 
1140.0   0.0   0.934818705494   0.739550384837   0.650995277302 
1140.0   60.0   0.919535442482   0.772813838543   1.0 
1140.0   120.0   0.950879130139   0.776117072606   0.633475513911 
1140.0   180.0   0.712241312689   0.611166578158   0.570365268583 
1140.0   240.0   0.599493796376   0.494804789625   0.522785751083 
1140.0   300.0   0.650948110372   0.533738489591   0.554328684109 
1140.0   360.0   0.420318409729   0.317193978054   0.415361211921 
1140.0   420.0   0.363730025801   0.266978121218   0.378196999106 
1140.0   480.0   0.200364596828   0.139465254003   0.270601622833 
1140.0   540.0   0.229961727316   0.141079947507   0.317325255625 
1140.0   600.0   0.2006912894   0.131450067241   0.278839256281 
1140.0   660.0   0.163385800007   0.103119681624   0.236154528962 
1140.0   720.0   0.104574889808   0.0738436603246   0.220158356882 
1140.0   780.0   0.158216912934   0.0993521693274   0.226402836678 
1140.0   840.0   0.134727563616   0.0719351911886   0.195318038664 
1140.0   900.0   0.271177961559   0.192255606957   0.347470302025 
1140.0   960.0   0.240190664259   0.169259561532   0.309624569762 
1140.0   1020.0   0.197934032788   0.128425275772   0.260494799039 
1140.0   1080.0   0.358949650054   0.249525793899   0.443429791732 
1140.0   1140.0   0.0   0.0   0.0 
1200.0   0.0   0.807592626254   0.730745501354   0.598292292803 
1200.0   60.0   0.771688040071   0.703185256939   0.584651857222 
1200.0   120.0   0.962653611463   0.848422367398   0.62411103755 
1200.0   180.0   0.796513421545   0.720382910512   0.595069711202 
1200.0   240.0   0.703023065068   0.615235674553   0.567639391155 
1200.0   300.0   0.61725663419   0.539510516482   0.518006044784 
1200.0   360.0   0.568816244534   0.497295842953   0.485037285049 
1200.0   420.0   0.672679476738   0.571809564936   0.556771112852 
1200.0   480.0   0.497376678672   0.406569652084   0.576187871983 
1200.0   540.0   0.369539410424   0.292085532644   0.44345595588 
1200.0   600.0   0.450242230085   0.352747278463   0.551409578967 
1200.0   660.0   0.362987150203   0.281046314702   0.442926196959 
1200.0   720.0   0.366229284728   0.287519135742   0.436644098449 
1200.0   780.0   0.311871575972   0.235164783027   0.377778574194 
1200.0   840.0   0.371743515169   0.295250363541   0.437928999225 
1200.0   900.0   0.268489042929   0.209096298999   0.326737946333 
1200.0   960.0   0.276219832439   0.215528425134   0.336673113032 
1200.0   1020.0   0.327447772602   0.263213112671   0.388356669378 
1200.0   1080.0   0.375562882671   0.310426949755   0.433388862254 
1200.0   1140.0   0.446372711769   0.375946575591   0.502726285604 
