100.0   0.0   0.0 
100.0   20.0   0.0 
100.0   40.0   0.0 
100.0   60.0   1.57819113333e-08 
100.0   80.0   1.0 
100.0   100.0   1.0 
100.0   120.0   0.0 
100.0   140.0   0.0 
100.0   160.0   0.0 
100.0   180.0   0.0 
100.0   200.0   0.0 
100.0   220.0   0.0 
100.0   240.0   0.0 
100.0   260.0   0.0 
100.0   280.0   0.0 
100.0   300.0   0.0 
100.0   320.0   0.0 
100.0   340.0   0.0 
100.0   360.0   0.0 
100.0   380.0   0.0 
100.0   400.0   0.0 
120.0   0.0   0.0 
120.0   20.0   0.0 
120.0   40.0   0.0 
120.0   60.0   0.0 
120.0   80.0   1.25679822105e-09 
120.0   100.0   1.0 
120.0   120.0   1.0 
120.0   140.0   0.0 
120.0   160.0   0.0 
120.0   180.0   0.0 
120.0   200.0   0.0 
120.0   220.0   0.0 
120.0   240.0   0.0 
120.0   260.0   0.0 
120.0   280.0   0.0 
120.0   300.0   0.0 
120.0   320.0   0.0 
120.0   340.0   0.0 
120.0   360.0   0.0 
120.0   380.0   0.0 
120.0   400.0   0.0 
140.0   0.0   0.0 
140.0   20.0   0.0 
140.0   40.0   0.0 
140.0   60.0   0.0 
140.0   80.0   6.00400840156e-11 
140.0   100.0   2.36840877869e-05 
140.0   120.0   1.0 
140.0   140.0   1.0 
140.0   160.0   0.0 
140.0   180.0   0.0 
140.0   200.0   0.0 
140.0   220.0   0.0 
140.0   240.0   0.0 
140.0   260.0   0.0 
140.0   280.0   0.0 
140.0   300.0   0.0 
140.0   320.0   0.0 
140.0   340.0   0.0 
140.0   360.0   0.0 
140.0   380.0   0.0 
140.0   400.0   0.0 
160.0   0.0   0.0 
160.0   20.0   0.0 
160.0   40.0   5.55111512313e-15 
160.0   60.0   2.90767410149e-13 
160.0   80.0   5.55111512313e-15 
160.0   100.0   3.33906339245e-08 
160.0   120.0   1.0 
160.0   140.0   1.0 
160.0   160.0   1.0 
160.0   180.0   0.0 
160.0   200.0   0.0 
160.0   220.0   0.0 
160.0   240.0   0.0 
160.0   260.0   0.0 
160.0   280.0   0.0 
160.0   300.0   0.0 
160.0   320.0   0.0 
160.0   340.0   0.0 
160.0   360.0   0.0 
160.0   380.0   0.0 
160.0   400.0   0.0 
180.0   0.0   0.0 
180.0   20.0   0.0 
180.0   40.0   0.0 
180.0   60.0   1.50546242139e-13 
180.0   80.0   0.0 
180.0   100.0   1.29929400572e-12 
180.0   120.0   2.93377008633e-05 
180.0   140.0   0.127380348038 
180.0   160.0   0.151530388506 
180.0   180.0   1.0 
180.0   200.0   0.0 
180.0   220.0   0.0 
180.0   240.0   0.0 
180.0   260.0   0.0 
180.0   280.0   0.0 
180.0   300.0   0.0 
180.0   320.0   0.0 
180.0   340.0   0.0 
180.0   360.0   0.0 
180.0   380.0   0.0 
180.0   400.0   0.0 
200.0   0.0   0.0 
200.0   20.0   0.0 
200.0   40.0   0.0 
200.0   60.0   0.0 
200.0   80.0   0.0 
200.0   100.0   5.40397804283e-09 
200.0   120.0   1.33202778252e-07 
200.0   140.0   8.9500557185e-05 
200.0   160.0   0.0853808690851 
200.0   180.0   0.266804566888 
200.0   200.0   1.0 
200.0   220.0   0.0 
200.0   240.0   0.0 
200.0   260.0   0.0 
200.0   280.0   0.0 
200.0   300.0   0.0 
200.0   320.0   0.0 
200.0   340.0   0.0 
200.0   360.0   0.0 
200.0   380.0   0.0 
200.0   400.0   0.0 
220.0   0.0   0.0 
220.0   20.0   0.0 
220.0   40.0   0.0 
220.0   60.0   0.0 
220.0   80.0   1.33226762955e-15 
220.0   100.0   6.27428669464e-07 
220.0   120.0   6.49434152011e-08 
220.0   140.0   2.06621297849e-08 
220.0   160.0   5.20742856278e-05 
220.0   180.0   1.0 
220.0   200.0   1.0 
220.0   220.0   1.0 
220.0   240.0   0.0 
220.0   260.0   0.0 
220.0   280.0   0.0 
220.0   300.0   0.0 
220.0   320.0   0.0 
220.0   340.0   0.0 
220.0   360.0   0.0 
220.0   380.0   0.0 
220.0   400.0   0.0 
240.0   0.0   0.0 
240.0   20.0   0.0 
240.0   40.0   0.0 
240.0   60.0   0.0 
240.0   80.0   0.0 
240.0   100.0   2.22044604925e-16 
240.0   120.0   5.23692200716e-13 
240.0   140.0   1.60945701211e-11 
240.0   160.0   1.63775148887e-07 
240.0   180.0   4.54869040556e-05 
240.0   200.0   1.0 
240.0   220.0   1.0 
240.0   240.0   1.0 
240.0   260.0   0.0 
240.0   280.0   0.0 
240.0   300.0   0.0 
240.0   320.0   0.0 
240.0   340.0   0.0 
240.0   360.0   0.0 
240.0   380.0   0.0 
240.0   400.0   0.0 
260.0   0.0   0.0 
260.0   20.0   0.0 
260.0   40.0   0.0 
260.0   60.0   0.0 
260.0   80.0   0.0 
260.0   100.0   0.0 
260.0   120.0   8.08242361927e-14 
260.0   140.0   1.29378964542e-07 
260.0   160.0   1.29378964542e-07 
260.0   180.0   2.66651383048e-05 
260.0   200.0   0.0304193788558 
260.0   220.0   0.346599590667 
260.0   240.0   1.0 
260.0   260.0   1.0 
260.0   280.0   0.0 
260.0   300.0   0.0 
260.0   320.0   0.0 
260.0   340.0   0.0 
260.0   360.0   0.0 
260.0   380.0   0.0 
260.0   400.0   0.0 
280.0   0.0   0.0 
280.0   20.0   0.0 
280.0   40.0   0.0 
280.0   60.0   0.0 
280.0   80.0   0.0 
280.0   100.0   0.0 
280.0   120.0   0.0 
280.0   140.0   3.22600834934e-11 
280.0   160.0   3.27767324393e-09 
280.0   180.0   4.35832542933e-06 
280.0   200.0   0.000208107404705 
280.0   220.0   0.035079047493 
280.0   240.0   0.590627566451 
280.0   260.0   1.0 
280.0   280.0   1.0 
280.0   300.0   0.0 
280.0   320.0   0.0 
280.0   340.0   0.0 
280.0   360.0   0.0 
280.0   380.0   0.0 
280.0   400.0   0.0 
300.0   0.0   0.0 
300.0   20.0   0.0 
300.0   40.0   0.0 
300.0   60.0   0.0 
300.0   80.0   0.0 
300.0   100.0   0.0 
300.0   120.0   0.0 
300.0   140.0   7.48855422117e-11 
300.0   160.0   1.07911904856e-07 
300.0   180.0   4.19019913989e-07 
300.0   200.0   4.3317489054e-05 
300.0   220.0   0.00343772816828 
300.0   240.0   0.119655019691 
300.0   260.0   0.353503909199 
300.0   280.0   0.643615429047 
300.0   300.0   1.0 
300.0   320.0   0.0 
300.0   340.0   0.0 
300.0   360.0   0.0 
300.0   380.0   0.0 
300.0   400.0   0.0 
320.0   0.0   0.0 
320.0   20.0   0.0 
320.0   40.0   0.0 
320.0   60.0   0.0 
320.0   80.0   0.0 
320.0   100.0   0.0 
320.0   120.0   0.0 
320.0   140.0   5.55111512313e-16 
320.0   160.0   5.07938135996e-12 
320.0   180.0   1.04387194972e-05 
320.0   200.0   4.55250983133e-07 
320.0   220.0   8.00074267955e-05 
320.0   240.0   0.0122509062348 
320.0   260.0   0.103956468365 
320.0   280.0   0.341889789958 
320.0   300.0   0.651953026269 
320.0   320.0   1.0 
320.0   340.0   0.0 
320.0   360.0   0.0 
320.0   380.0   0.0 
320.0   400.0   0.0 
340.0   0.0   0.0 
340.0   20.0   0.0 
340.0   40.0   0.0 
340.0   60.0   0.0 
340.0   80.0   0.0 
340.0   100.0   0.0 
340.0   120.0   0.0 
340.0   140.0   5.44009282066e-15 
340.0   160.0   1.48436818392e-13 
340.0   180.0   1.36119449046e-09 
340.0   200.0   7.6477745381e-07 
340.0   220.0   1.34524541763e-05 
340.0   240.0   0.0010129615132 
340.0   260.0   0.0263647424698 
340.0   280.0   0.187389310468 
340.0   300.0   0.51775642406 
340.0   320.0   1.0 
340.0   340.0   1.0 
340.0   360.0   0.0 
340.0   380.0   0.0 
340.0   400.0   0.0 
360.0   0.0   0.0 
360.0   20.0   0.0 
360.0   40.0   0.0 
360.0   60.0   0.0 
360.0   80.0   0.0 
360.0   100.0   0.0 
360.0   120.0   0.0 
360.0   140.0   2.44249065418e-15 
360.0   160.0   5.75095526756e-14 
360.0   180.0   1.47434287001e-11 
360.0   200.0   2.69566925781e-07 
360.0   220.0   4.09796191174e-05 
360.0   240.0   0.00255462130108 
360.0   260.0   0.00164034610563 
360.0   280.0   0.0809656887177 
360.0   300.0   0.318041464372 
360.0   320.0   0.569582169497 
360.0   340.0   1.0 
360.0   360.0   1.0 
360.0   380.0   0.0 
360.0   400.0   0.0 
380.0   0.0   0.0 
380.0   20.0   0.0 
380.0   40.0   0.0 
380.0   60.0   0.0 
380.0   80.0   0.0 
380.0   100.0   0.0 
380.0   120.0   1.11022302463e-16 
380.0   140.0   2.44249065418e-15 
380.0   160.0   1.07136521876e-13 
380.0   180.0   2.0922585886e-09 
380.0   200.0   8.0504011235e-09 
380.0   220.0   2.37718538176e-06 
380.0   240.0   0.000139081903729 
380.0   260.0   0.00224901448862 
380.0   280.0   0.0270446710464 
380.0   300.0   0.0460887654262 
380.0   320.0   0.232022323679 
380.0   340.0   0.615047757798 
380.0   360.0   0.752784922421 
380.0   380.0   1.0 
380.0   400.0   0.0 
400.0   0.0   0.0 
400.0   20.0   0.0 
400.0   40.0   0.0 
400.0   60.0   0.0 
400.0   80.0   0.0 
400.0   100.0   0.0 
400.0   120.0   7.77156117238e-16 
400.0   140.0   3.33066907388e-14 
400.0   160.0   6.05737682235e-13 
400.0   180.0   9.67181890132e-12 
400.0   200.0   9.98238625094e-08 
400.0   220.0   1.02309891858e-06 
400.0   240.0   2.80364864848e-05 
400.0   260.0   0.000189344235139 
400.0   280.0   0.00452221905533 
400.0   300.0   0.0296993508669 
400.0   320.0   0.197317773852 
400.0   340.0   0.555513010866 
400.0   360.0   0.620129757002 
400.0   380.0   1.0 
400.0   400.0   1.0 
420.0   0.0   0.0 
420.0   20.0   0.0 
420.0   40.0   0.0 
420.0   60.0   0.0 
420.0   80.0   0.0 
420.0   100.0   1.11022302463e-16 
420.0   120.0   3.88578058619e-15 
420.0   140.0   4.54192239374e-13 
420.0   160.0   1.88097315501e-11 
420.0   180.0   8.19906142979e-10 
420.0   200.0   1.07169506602e-09 
420.0   220.0   1.37655534416e-07 
420.0   240.0   1.69077679191e-06 
420.0   260.0   0.000144076589874 
420.0   280.0   0.00252729358136 
420.0   300.0   0.0415665105122 
420.0   320.0   0.0445607161729 
420.0   340.0   0.122895222335 
420.0   360.0   0.30448067563 
420.0   380.0   0.59688212322 
420.0   400.0   0.819561669031 
440.0   0.0   0.0 
440.0   20.0   0.0 
440.0   40.0   0.0 
440.0   60.0   0.0 
440.0   80.0   1.33226762955e-15 
440.0   100.0   7.77156117238e-16 
440.0   120.0   1.50990331349e-14 
440.0   140.0   7.00661750841e-13 
440.0   160.0   1.37434508218e-12 
440.0   180.0   2.01272332134e-11 
440.0   200.0   3.02493874393e-09 
440.0   220.0   4.77440024182e-08 
440.0   240.0   5.97086154308e-06 
440.0   260.0   2.92960550451e-05 
440.0   280.0   0.00115268509658 
440.0   300.0   0.0021895177038 
440.0   320.0   0.0213139767308 
440.0   340.0   0.0568856257254 
440.0   360.0   0.260142151476 
440.0   380.0   0.445295696857 
440.0   400.0   0.716450961607 
460.0   0.0   0.0 
460.0   20.0   8.881784197e-16 
460.0   40.0   3.99680288865e-15 
460.0   60.0   2.88657986403e-15 
460.0   80.0   3.9857006584e-14 
460.0   100.0   8.93729534823e-14 
460.0   120.0   5.44009282066e-14 
460.0   140.0   6.10289596636e-13 
460.0   160.0   3.65252272871e-12 
460.0   180.0   4.8671811026e-10 
460.0   200.0   1.0701208808e-09 
460.0   220.0   4.42762170261e-08 
460.0   240.0   1.45033416832e-07 
460.0   260.0   2.83629448571e-05 
460.0   280.0   4.98509433543e-05 
460.0   300.0   0.000969472484331 
460.0   320.0   0.0165126280934 
460.0   340.0   0.0200915355016 
460.0   360.0   0.0950361697077 
460.0   380.0   0.177369780968 
460.0   400.0   0.515853400783 
480.0   0.0   2.22044604925e-15 
480.0   20.0   1.69864122768e-14 
480.0   40.0   2.30926389122e-14 
480.0   60.0   9.75886038646e-14 
480.0   80.0   9.32143251475e-13 
480.0   100.0   2.46114240099e-12 
480.0   120.0   2.11164419284e-12 
480.0   140.0   3.70170560871e-12 
480.0   160.0   3.83713061325e-11 
480.0   180.0   1.76348269321e-09 
480.0   200.0   1.42847105256e-08 
480.0   220.0   9.78370890969e-08 
480.0   240.0   1.64350303933e-06 
480.0   260.0   6.9099245158e-06 
480.0   280.0   8.31386139886e-05 
480.0   300.0   0.00049245796111 
480.0   320.0   0.00423145468607 
480.0   340.0   0.0223063350505 
480.0   360.0   0.0511500549132 
480.0   380.0   0.101458819926 
480.0   400.0   0.2723687813 
500.0   0.0   3.65596442009e-13 
500.0   20.0   7.22977233636e-13 
500.0   40.0   2.28705943073e-13 
500.0   60.0   3.65596442009e-13 
500.0   80.0   7.79032394149e-12 
500.0   100.0   2.54376519848e-11 
500.0   120.0   1.81472614713e-11 
500.0   140.0   4.61676918917e-10 
500.0   160.0   1.10934494923e-09 
500.0   180.0   1.13230137488e-08 
500.0   200.0   2.91961330667e-08 
500.0   220.0   1.03902575099e-07 
500.0   240.0   1.38521583948e-06 
500.0   260.0   1.97306019284e-05 
500.0   280.0   4.83129585285e-05 
500.0   300.0   0.000192262360449 
500.0   320.0   0.00297359280584 
500.0   340.0   0.0105657809106 
500.0   360.0   0.0281916532483 
500.0   380.0   0.0635507284388 
500.0   400.0   0.182311911116 
520.0   0.0   7.34801108848e-12 
520.0   20.0   4.51670922885e-11 
520.0   40.0   4.68000083131e-11 
520.0   60.0   6.00020033659e-11 
520.0   80.0   5.18869169852e-10 
520.0   100.0   4.05402489356e-10 
520.0   120.0   2.95093616209e-10 
520.0   140.0   2.8011238884e-09 
520.0   160.0   2.61165877813e-09 
520.0   180.0   8.27248314295e-09 
520.0   200.0   4.53187971594e-08 
520.0   220.0   2.44515041548e-07 
520.0   240.0   1.81688396095e-06 
520.0   260.0   1.94488619989e-05 
520.0   280.0   0.000106329231735 
520.0   300.0   0.000102948042803 
520.0   320.0   0.000447757640305 
520.0   340.0   0.00492866942113 
520.0   360.0   0.0158817118994 
520.0   380.0   0.0654046769219 
520.0   400.0   0.1401707557 
540.0   0.0   3.31831229161e-10 
540.0   20.0   1.88253856948e-10 
540.0   40.0   1.75240577605e-09 
540.0   60.0   9.68343072394e-10 
540.0   80.0   4.08783895622e-10 
540.0   100.0   2.73179434629e-09 
540.0   120.0   2.28751406706e-09 
540.0   140.0   1.55362923637e-08 
540.0   160.0   1.26500098174e-08 
540.0   180.0   1.09900545775e-07 
540.0   200.0   2.85809836353e-07 
540.0   220.0   4.53344194074e-07 
540.0   240.0   1.20244307966e-06 
540.0   260.0   1.03567357974e-05 
540.0   280.0   0.000108948685325 
540.0   300.0   0.000131833585409 
540.0   320.0   0.00106016090685 
540.0   340.0   0.00237066908025 
540.0   360.0   0.0136909801002 
540.0   380.0   0.0147260409346 
540.0   400.0   0.0617864627865 
560.0   0.0   1.98099551207e-08 
560.0   20.0   2.60199453095e-08 
560.0   40.0   2.87295855994e-08 
560.0   60.0   1.3993796566e-08 
560.0   80.0   2.73413878205e-08 
560.0   100.0   3.09444277979e-08 
560.0   120.0   4.16362810896e-08 
560.0   140.0   3.50195403787e-08 
560.0   160.0   2.63186034299e-07 
560.0   180.0   2.63186034299e-07 
560.0   200.0   8.67981903463e-07 
560.0   220.0   6.54890368113e-06 
560.0   240.0   7.20410748256e-06 
560.0   260.0   3.19564088807e-05 
560.0   280.0   8.12161167247e-05 
560.0   300.0   0.000329101418113 
560.0   320.0   0.000441634339046 
560.0   340.0   0.00164317515924 
560.0   360.0   0.00681117393035 
560.0   380.0   0.0153330765731 
560.0   400.0   0.0317157980047 
580.0   0.0   5.11652642476e-08 
580.0   20.0   5.22478063036e-08 
580.0   40.0   4.3270898975e-08 
580.0   60.0   2.84425283326e-08 
580.0   80.0   2.06936709102e-07 
580.0   100.0   7.15050717526e-08 
580.0   120.0   2.15712806728e-07 
580.0   140.0   5.59024841307e-07 
580.0   160.0   1.19705639001e-06 
580.0   180.0   8.7957796624e-07 
580.0   200.0   2.82600507695e-06 
580.0   220.0   4.79494085714e-06 
580.0   240.0   1.88782351322e-05 
580.0   260.0   2.44786685053e-05 
580.0   280.0   0.000107863757364 
580.0   300.0   0.000153305084657 
580.0   320.0   0.000948215482759 
580.0   340.0   0.00130501198413 
580.0   360.0   0.00528157393007 
580.0   380.0   0.0166848086544 
580.0   400.0   0.0410663549141 
600.0   0.0   7.64944565246e-07 
600.0   20.0   3.41210675048e-07 
600.0   40.0   4.21377694293e-07 
600.0   60.0   5.29433535568e-07 
600.0   80.0   1.38510258174e-06 
600.0   100.0   1.45941276897e-06 
600.0   120.0   7.51673085553e-07 
600.0   140.0   3.35759554992e-06 
600.0   160.0   5.93356179857e-06 
600.0   180.0   4.90938421838e-06 
600.0   200.0   1.26179776537e-05 
600.0   220.0   2.10361508842e-05 
600.0   240.0   4.81722450618e-05 
600.0   260.0   6.85324125678e-05 
600.0   280.0   0.000241957404666 
600.0   300.0   0.000346999206047 
600.0   320.0   0.00150299737199 
600.0   340.0   0.00128217875907 
600.0   360.0   0.00442397385143 
600.0   380.0   0.0125936510793 
600.0   400.0   0.0320804757638 
620.0   0.0   3.23819538517e-06 
620.0   20.0   2.87525801734e-06 
620.0   40.0   2.16699326783e-06 
620.0   60.0   2.91832030297e-06 
620.0   80.0   2.79101468992e-06 
620.0   100.0   6.3052042476e-06 
620.0   120.0   5.68586540839e-06 
620.0   140.0   6.68864730247e-06 
620.0   160.0   1.73739560401e-05 
620.0   180.0   2.10047956635e-05 
620.0   200.0   4.73504840575e-05 
620.0   220.0   4.15740353253e-05 
620.0   240.0   6.59625088421e-05 
620.0   260.0   7.1904009732e-05 
620.0   280.0   0.000367852934365 
620.0   300.0   0.000688458449333 
620.0   320.0   0.00152652646455 
620.0   340.0   0.00184612130755 
620.0   360.0   0.00440939126368 
620.0   380.0   0.00966120387328 
620.0   400.0   0.0153139402556 
640.0   0.0   1.02319437648e-05 
640.0   20.0   1.26814665147e-05 
640.0   40.0   1.71557622233e-05 
640.0   60.0   1.02319437648e-05 
640.0   80.0   1.07623837997e-05 
640.0   100.0   2.07119061065e-05 
640.0   120.0   4.72178241245e-05 
640.0   140.0   4.60588211433e-05 
640.0   160.0   2.90433267479e-05 
640.0   180.0   4.43727976835e-05 
640.0   200.0   7.19558706571e-05 
640.0   220.0   0.000113501281935 
640.0   240.0   0.000219549365221 
640.0   260.0   0.000416693066492 
640.0   280.0   0.000492950405877 
640.0   300.0   0.000672571781006 
640.0   320.0   0.00174831955939 
640.0   340.0   0.00319245258351 
640.0   360.0   0.00396858770211 
640.0   380.0   0.00714873320944 
640.0   400.0   0.00893853503571 
660.0   0.0   5.48179903782e-05 
660.0   20.0   6.36448777392e-05 
660.0   40.0   6.0988855881e-05 
660.0   60.0   5.08693412694e-05 
660.0   80.0   5.03286694904e-05 
660.0   100.0   9.73449437154e-05 
660.0   120.0   9.9428894822e-05 
660.0   140.0   0.000128140470304 
660.0   160.0   0.000191109890344 
660.0   180.0   0.000140895286017 
660.0   200.0   0.000318798744576 
660.0   220.0   0.000296404559112 
660.0   240.0   0.000448843642784 
660.0   260.0   0.000930140767843 
660.0   280.0   0.000911376561015 
660.0   300.0   0.00119910725509 
660.0   320.0   0.00192548028107 
660.0   340.0   0.00429880873924 
660.0   360.0   0.0055961026457 
660.0   380.0   0.0111854273792 
660.0   400.0   0.0145766239169 
680.0   0.0   9.25981022697e-05 
680.0   20.0   0.000134494337039 
680.0   40.0   0.000113159745299 
680.0   60.0   0.000181354843237 
680.0   80.0   0.000193192853342 
680.0   100.0   0.000147267603132 
680.0   120.0   0.000188029076926 
680.0   140.0   0.000334282820619 
680.0   160.0   0.000698971318863 
680.0   180.0   0.00044083357515 
680.0   200.0   0.000473354381775 
680.0   220.0   0.000819094631705 
680.0   240.0   0.000826330751012 
680.0   260.0   0.0016185310852 
680.0   280.0   0.00149700146861 
680.0   300.0   0.00189116833343 
680.0   320.0   0.00321810595974 
680.0   340.0   0.00332953939002 
680.0   360.0   0.00810658669877 
680.0   380.0   0.0106393057801 
680.0   400.0   0.0148596582526 
700.0   0.0   0.000404786622488 
700.0   20.0   0.000505761823873 
700.0   40.0   0.000443911358853 
700.0   60.0   0.000427177687176 
700.0   80.0   0.000781378730814 
700.0   100.0   0.000958899373239 
700.0   120.0   0.000558692770552 
700.0   140.0   0.000529550180983 
700.0   160.0   0.000607694777788 
700.0   180.0   0.00100341168531 
700.0   200.0   0.00129652392853 
700.0   220.0   0.00133608201637 
700.0   240.0   0.00142944920064 
700.0   260.0   0.00226981448775 
700.0   280.0   0.0029835500679 
700.0   300.0   0.00394256924736 
700.0   320.0   0.00443058480397 
700.0   340.0   0.00508650735488 
700.0   360.0   0.00750654579586 
700.0   380.0   0.0137106769629 
700.0   400.0   0.0169049402142 
720.0   0.0   0.00119686606115 
720.0   20.0   0.00129460674928 
720.0   40.0   0.00124479896149 
720.0   60.0   0.00124479896149 
720.0   80.0   0.00150422182343 
720.0   100.0   0.00136405708588 
720.0   120.0   0.00161585360119 
720.0   140.0   0.00143714351276 
720.0   160.0   0.00246049022425 
720.0   180.0   0.00380155553219 
720.0   200.0   0.0025903868446 
720.0   220.0   0.00462740770019 
720.0   240.0   0.00389946475429 
720.0   260.0   0.00442692390919 
720.0   280.0   0.00486732571239 
720.0   300.0   0.00606648710126 
720.0   320.0   0.00793481752977 
720.0   340.0   0.00870898742063 
720.0   360.0   0.0131508233684 
720.0   380.0   0.0152196966388 
720.0   400.0   0.0233330293997 
740.0   0.0   0.00252741763239 
740.0   20.0   0.00314220017151 
740.0   40.0   0.00229768264797 
740.0   60.0   0.00339658158487 
740.0   80.0   0.00309015193018 
740.0   100.0   0.00398878109623 
740.0   120.0   0.00349219735642 
740.0   140.0   0.00319510074752 
740.0   160.0   0.0037324732984 
740.0   180.0   0.00385856036029 
740.0   200.0   0.00305592006134 
740.0   220.0   0.00450377358767 
740.0   240.0   0.00548862359581 
740.0   260.0   0.00701593236331 
740.0   280.0   0.00752888225517 
740.0   300.0   0.011456811514 
740.0   320.0   0.0130896126073 
740.0   340.0   0.0101837745999 
740.0   360.0   0.0140249426335 
740.0   380.0   0.0190393603028 
740.0   400.0   0.022735583103 
760.0   0.0   0.00548240624969 
760.0   20.0   0.00395741206257 
760.0   40.0   0.00507910684959 
760.0   60.0   0.00425358772213 
760.0   80.0   0.00452758902184 
760.0   100.0   0.00600171461854 
760.0   120.0   0.00481868532779 
760.0   140.0   0.00548240624969 
760.0   160.0   0.00566845375564 
760.0   180.0   0.00517714819632 
760.0   200.0   0.00926775880387 
760.0   220.0   0.00962172251396 
760.0   240.0   0.00984953544092 
760.0   260.0   0.0100825467867 
760.0   280.0   0.0127837309982 
760.0   300.0   0.0137661359053 
760.0   320.0   0.0191586639138 
760.0   340.0   0.0265447728353 
760.0   360.0   0.0311910320803 
760.0   380.0   0.0359635193229 
760.0   400.0   0.0429107937527 
780.0   0.0   0.00858364320386 
780.0   20.0   0.00865419369908 
780.0   40.0   0.00635686743343 
780.0   60.0   0.0100649459649 
780.0   80.0   0.010147210163 
780.0   100.0   0.0103136880007 
780.0   120.0   0.00958470431065 
780.0   140.0   0.0121790894968 
780.0   160.0   0.0116489557838 
780.0   180.0   0.0114153993386 
780.0   200.0   0.0134175515208 
780.0   220.0   0.0147175048906 
780.0   240.0   0.017689743329 
780.0   260.0   0.0228870961509 
780.0   280.0   0.0193840175238 
780.0   300.0   0.0228870961509 
780.0   320.0   0.0239944216063 
780.0   340.0   0.0303437806556 
780.0   360.0   0.0362663070907 
780.0   380.0   0.0352989479612 
780.0   400.0   0.046360543061 
800.0   0.0   0.0132446517355 
800.0   20.0   0.0158880826607 
800.0   40.0   0.0155047704617 
800.0   60.0   0.0181329170431 
800.0   80.0   0.0175143120492 
800.0   100.0   0.0147646247248 
800.0   120.0   0.0201169795984 
800.0   140.0   0.0195008984336 
800.0   160.0   0.0206802253732 
800.0   180.0   0.0187724473559 
800.0   200.0   0.0199784816814 
800.0   220.0   0.026206299682 
800.0   240.0   0.0246420690954 
800.0   260.0   0.0258507005357 
800.0   280.0   0.0286341669092 
800.0   300.0   0.0352009230211 
800.0   320.0   0.0344962842879 
800.0   340.0   0.0352009230211 
800.0   360.0   0.0450988082567 
800.0   380.0   0.051839496195 
800.0   400.0   0.0504859472996 
820.0   0.0   0.0222076244362 
820.0   20.0   0.0244528875568 
820.0   40.0   0.0269948685782 
820.0   60.0   0.0255020322693 
820.0   80.0   0.0245264367371 
820.0   100.0   0.0255020322693 
820.0   120.0   0.027319615613 
820.0   140.0   0.0243795492984 
820.0   160.0   0.031239700735 
820.0   180.0   0.031895772008 
820.0   200.0   0.0354826370413 
820.0   220.0   0.0352736752628 
820.0   240.0   0.0327586131707 
820.0   260.0   0.0362233271759 
820.0   280.0   0.0406270702323 
820.0   300.0   0.0408661095792 
820.0   320.0   0.0401529757758 
820.0   340.0   0.0458035237875 
820.0   360.0   0.0481286641333 
820.0   380.0   0.060657392779 
820.0   400.0   0.0635091914348 
840.0   0.0   0.0363382448831 
840.0   20.0   0.0377758067333 
840.0   40.0   0.0370025014856 
840.0   60.0   0.0306094370598 
840.0   80.0   0.0354089766754 
840.0   100.0   0.0371944024837 
840.0   120.0   0.040189083817 
840.0   140.0   0.0438601365528 
840.0   160.0   0.0400856673286 
840.0   180.0   0.0427485746066 
840.0   200.0   0.046760473056 
840.0   220.0   0.0396745275674 
840.0   240.0   0.0400856673286 
840.0   260.0   0.0437477560054 
840.0   280.0   0.0443124087036 
840.0   300.0   0.0547596811377 
840.0   320.0   0.0540692673717 
840.0   340.0   0.0602868834869 
840.0   360.0   0.0646936846386 
840.0   380.0   0.0816241040157 
840.0   400.0   0.0753738500986 
860.0   0.0   0.0474861901775 
860.0   20.0   0.0499962435316 
860.0   40.0   0.0514701694805 
860.0   60.0   0.0556461531038 
860.0   80.0   0.0480214555347 
860.0   100.0   0.0438949747006 
860.0   120.0   0.0469565948872 
860.0   140.0   0.0519319207085 
860.0   160.0   0.0522808113295 
860.0   180.0   0.0538185378686 
860.0   200.0   0.0584334574272 
860.0   220.0   0.0644100518653 
860.0   240.0   0.0596114499424 
860.0   260.0   0.0631423084989 
860.0   280.0   0.0649812020861 
860.0   300.0   0.0683595746424 
860.0   320.0   0.0682092924159 
860.0   340.0   0.0812753281893 
860.0   360.0   0.0751267057853 
860.0   380.0   0.0896322607405 
860.0   400.0   0.0996548944503 
880.0   0.0   0.0670522090826 
880.0   20.0   0.0638814826695 
880.0   40.0   0.0665350652416 
880.0   60.0   0.0751365388918 
880.0   80.0   0.0690256160877 
880.0   100.0   0.0727171407123 
880.0   120.0   0.0774830920401 
880.0   140.0   0.0783808082545 
880.0   160.0   0.0690256160877 
880.0   180.0   0.0803597607862 
880.0   200.0   0.0805139314385 
880.0   220.0   0.0865843667893 
880.0   240.0   0.0718809921627 
880.0   260.0   0.0885896904909 
880.0   280.0   0.097984487355 
880.0   300.0   0.103712782809 
880.0   320.0   0.092556776503 
880.0   340.0   0.0985435361486 
880.0   360.0   0.0977988063367 
880.0   380.0   0.109138298641 
880.0   400.0   0.116791985841 
900.0   0.0   0.0921750276184 
900.0   20.0   0.0898764023316 
900.0   40.0   0.0861655398191 
900.0   60.0   0.0866030581661 
900.0   80.0   0.0987453747708 
900.0   100.0   0.0909422552474 
900.0   120.0   0.0989110379039 
900.0   140.0   0.0914027038134 
900.0   160.0   0.0954867901917 
900.0   180.0   0.104179170001 
900.0   200.0   0.0918653594414 
900.0   220.0   0.100750795665 
900.0   240.0   0.109529719115 
900.0   260.0   0.102109114269 
900.0   280.0   0.117459765092 
900.0   300.0   0.100245853991 
900.0   320.0   0.113996695935 
900.0   340.0   0.116101318996 
900.0   360.0   0.116294465732 
900.0   380.0   0.119823695075 
900.0   400.0   0.12203024997 
920.0   0.0   0.11112191542 
920.0   20.0   0.113430943374 
920.0   40.0   0.115615732686 
920.0   60.0   0.106479939145 
920.0   80.0   0.109178295871 
920.0   100.0   0.116980001127 
920.0   120.0   0.121520179466 
920.0   140.0   0.112932353199 
920.0   160.0   0.111449025089 
920.0   180.0   0.128645452795 
920.0   200.0   0.124215110029 
920.0   220.0   0.129398293129 
920.0   240.0   0.128083557495 
920.0   260.0   0.129965670661 
920.0   280.0   0.125675524709 
920.0   300.0   0.127710257726 
920.0   320.0   0.137961017719 
920.0   340.0   0.128833271468 
920.0   360.0   0.143688124875 
920.0   380.0   0.154931346684 
920.0   400.0   0.151824311587 
940.0   0.0   0.14281020942 
940.0   20.0   0.143176129212 
940.0   40.0   0.146322762818 
940.0   60.0   0.144094844827 
940.0   80.0   0.135155162737 
940.0   100.0   0.13884348757 
940.0   120.0   0.13919971354 
940.0   140.0   0.143726685896 
940.0   160.0   0.143542943043 
940.0   180.0   0.142263001352 
940.0   200.0   0.152231451046 
940.0   220.0   0.153596871963 
940.0   240.0   0.142445181516 
940.0   260.0   0.159379445847 
940.0   280.0   0.15517169273 
940.0   300.0   0.161010959766 
940.0   320.0   0.154579333732 
940.0   340.0   0.167485615617 
940.0   360.0   0.170490894631 
940.0   380.0   0.180277533428 
940.0   400.0   0.19060498184 
960.0   0.0   0.161767333614 
960.0   20.0   0.157453003014 
960.0   40.0   0.158521135724 
960.0   60.0   0.169591554184 
960.0   80.0   0.180793951758 
960.0   100.0   0.154987416534 
960.0   120.0   0.168831015829 
960.0   140.0   0.163046867748 
960.0   160.0   0.176784481683 
960.0   180.0   0.175401517478 
960.0   200.0   0.166569005485 
960.0   220.0   0.176784481683 
960.0   240.0   0.173833741117 
960.0   260.0   0.176586274352 
960.0   280.0   0.174420070045 
960.0   300.0   0.187812296305 
960.0   320.0   0.186763919257 
960.0   340.0   0.202422923358 
960.0   360.0   0.188022653752 
960.0   380.0   0.209551537571 
960.0   400.0   0.217894995501 
980.0   0.0   0.181529291506 
980.0   20.0   0.190019064888 
980.0   40.0   0.186466891775 
980.0   60.0   0.1851744562 
980.0   80.0   0.188515503723 
980.0   100.0   0.182252736775 
980.0   120.0   0.195179844924 
980.0   140.0   0.189265839002 
980.0   160.0   0.199090062131 
980.0   180.0   0.187395395295 
980.0   200.0   0.197909075986 
980.0   220.0   0.198695641064 
980.0   240.0   0.193444667228 
980.0   260.0   0.208375022023 
980.0   280.0   0.203479272426 
980.0   300.0   0.205301889628 
980.0   320.0   0.206321321379 
980.0   340.0   0.212332204821 
980.0   360.0   0.221780893762 
980.0   380.0   0.224650731489 
980.0   400.0   0.219597887079 
1000.0   0.0   0.212938198948 
1000.0   20.0   0.228127140892 
1000.0   40.0   0.217824063453 
1000.0   60.0   0.230124267194 
1000.0   80.0   0.230525759558 
1000.0   100.0   0.229323353564 
1000.0   120.0   0.224771193439 
1000.0   140.0   0.222625662871 
1000.0   160.0   0.229723465641 
1000.0   180.0   0.23213866395 
1000.0   200.0   0.238702767777 
1000.0   220.0   0.232949296003 
1000.0   240.0   0.240581873132 
1000.0   260.0   0.234170499492 
1000.0   280.0   0.233152391255 
1000.0   300.0   0.233355661745 
1000.0   320.0   0.242264530701 
1000.0   340.0   0.24079156799 
1000.0   360.0   0.240163027897 
1000.0   380.0   0.255932425593 
1000.0   400.0   0.243534205037 
1020.0   0.0   0.245955886604 
1020.0   20.0   0.249220710874 
1020.0   40.0   0.239553603932 
1020.0   60.0   0.251161392529 
1020.0   80.0   0.233679297517 
1020.0   100.0   0.248448643564 
1020.0   120.0   0.239182204944 
1020.0   140.0   0.248834377923 
1020.0   160.0   0.256875419467 
1020.0   180.0   0.246337756308 
1020.0   200.0   0.26353673316 
1020.0   220.0   0.264971988264 
1020.0   240.0   0.2596804655 
1020.0   260.0   0.261297173573 
1020.0   280.0   0.263332338776 
1020.0   300.0   0.271213244993 
1020.0   320.0   0.271845515082 
1020.0   340.0   0.261906051401 
1020.0   360.0   0.270792561639 
1020.0   380.0   0.276528213947 
1020.0   400.0   0.267450839962 
1040.0   0.0   0.271196441641 
1040.0   20.0   0.282653723525 
1040.0   40.0   0.281097961369 
1040.0   60.0   0.269704950357 
1040.0   80.0   0.285791791616 
1040.0   100.0   0.298501075172 
1040.0   120.0   0.283239406674 
1040.0   140.0   0.289564806565 
1040.0   160.0   0.288168817973 
1040.0   180.0   0.286779758597 
1040.0   200.0   0.289764801713 
1040.0   220.0   0.29157118323 
1040.0   240.0   0.292579748648 
1040.0   260.0   0.295422971587 
1040.0   280.0   0.297265858984 
1040.0   300.0   0.29116876322 
1040.0   320.0   0.300363910503 
1040.0   340.0   0.300363910503 
1040.0   360.0   0.297471359178 
1040.0   380.0   0.311367199997 
1040.0   400.0   0.316149050639 
1060.0   0.0   0.311357664593 
1060.0   20.0   0.312317769792 
1060.0   40.0   0.308116441278 
1060.0   60.0   0.31696990358 
1060.0   80.0   0.31892984963 
1060.0   100.0   0.301739557156 
1060.0   120.0   0.31040066289 
1060.0   140.0   0.304348465326 
1060.0   160.0   0.315022690013 
1060.0   180.0   0.311549436924 
1060.0   200.0   0.313667156613 
1060.0   220.0   0.327910248539 
1060.0   240.0   0.32649578273 
1060.0   260.0   0.322490200763 
1060.0   280.0   0.328924592151 
1060.0   300.0   0.319323376665 
1060.0   320.0   0.33178267826 
1060.0   340.0   0.329331269485 
1060.0   360.0   0.321298751236 
1060.0   380.0   0.342422588963 
1060.0   400.0   0.322092530019 
1080.0   0.0   0.335784579889 
1080.0   20.0   0.332294060445 
1080.0   40.0   0.342507253591 
1080.0   60.0   0.328120757183 
1080.0   80.0   0.325965684316 
1080.0   100.0   0.342696064916 
1080.0   120.0   0.350923284423 
1080.0   140.0   0.338381830719 
1080.0   160.0   0.347070147996 
1080.0   180.0   0.333758969392 
1080.0   200.0   0.341000823992 
1080.0   220.0   0.345351346594 
1080.0   240.0   0.346687386836 
1080.0   260.0   0.351311168621 
1080.0   280.0   0.363573306098 
1080.0   300.0   0.349955627735 
1080.0   320.0   0.35034233885 
1080.0   340.0   0.354235361678 
1080.0   360.0   0.382019815039 
1080.0   380.0   0.370293413084 
1080.0   400.0   0.368856393217 
1100.0   0.0   0.365765019974 
1100.0   20.0   0.367019228432 
1100.0   40.0   0.367918037826 
1100.0   60.0   0.370629308443 
1100.0   80.0   0.371356099411 
1100.0   100.0   0.370447860727 
1100.0   120.0   0.364872089146 
1100.0   140.0   0.372084494618 
1100.0   160.0   0.376488863166 
1100.0   180.0   0.361677604997 
1100.0   200.0   0.376119589842 
1100.0   220.0   0.366660393078 
1100.0   240.0   0.368819314039 
1100.0   260.0   0.373729277678 
1100.0   280.0   0.392766001467 
1100.0   300.0   0.394905817554 
1100.0   320.0   0.386046137713 
1100.0   340.0   0.393931501261 
1100.0   360.0   0.393736973045 
1100.0   380.0   0.38415053336 
1100.0   400.0   0.392766001467 
1120.0   0.0   0.401296944819 
1120.0   20.0   0.392296127915 
1120.0   40.0   0.391079122515 
1120.0   60.0   0.401296944819 
1120.0   80.0   0.384888589569 
1120.0   100.0   0.398624874334 
1120.0   120.0   0.396325886164 
1120.0   140.0   0.389348103163 
1120.0   160.0   0.390905621237 
1120.0   180.0   0.39316810191 
1120.0   200.0   0.400047377506 
1120.0   220.0   0.401833874318 
1120.0   240.0   0.398802363394 
1120.0   260.0   0.402730632438 
1120.0   280.0   0.414792402208 
1120.0   300.0   0.407431944061 
1120.0   320.0   0.400939459375 
1120.0   340.0   0.403089994053 
1120.0   360.0   0.413307714864 
1120.0   380.0   0.425750472611 
1120.0   400.0   0.415537139147 
1140.0   0.0   0.42381047401 
1140.0   20.0   0.425341712531 
1140.0   40.0   0.435373707529 
1140.0   60.0   0.416253628029 
1140.0   80.0   0.411141887413 
1140.0   100.0   0.410324444296 
1140.0   120.0   0.417418403993 
1140.0   140.0   0.420599767115 
1140.0   160.0   0.416419785417 
1140.0   180.0   0.417918792542 
1140.0   200.0   0.429630686222 
1140.0   220.0   0.427737057584 
1140.0   240.0   0.431708201373 
1140.0   260.0   0.4241501693 
1140.0   280.0   0.434672561376 
1140.0   300.0   0.422285925394 
1140.0   320.0   0.427908783036 
1140.0   340.0   0.431014327825 
1140.0   360.0   0.439432634721 
1140.0   380.0   0.432925791341 
1140.0   400.0   0.425682901416 
1160.0   0.0   0.452873299535 
1160.0   20.0   0.447813346454 
1160.0   40.0   0.447813346454 
1160.0   60.0   0.44797544776 
1160.0   80.0   0.448624596157 
1160.0   100.0   0.447489366351 
1160.0   120.0   0.444908149649 
1160.0   140.0   0.444265778605 
1160.0   160.0   0.45634248555 
1160.0   180.0   0.45634248555 
1160.0   200.0   0.459008605005 
1160.0   220.0   0.448299873201 
1160.0   240.0   0.456508533289 
1160.0   260.0   0.446680711185 
1160.0   280.0   0.457673045323 
1160.0   300.0   0.459845884556 
1160.0   320.0   0.460685139783 
1160.0   340.0   0.455347825849 
1160.0   360.0   0.467985598306 
1160.0   380.0   0.469705034745 
1160.0   400.0   0.474214755055 
1180.0   0.0   0.468777450922 
1180.0   20.0   0.464799282217 
1180.0   40.0   0.470010489156 
1180.0   60.0   0.463432508875 
1180.0   80.0   0.470473979932 
1180.0   100.0   0.477026879725 
1180.0   120.0   0.486925479793 
1180.0   140.0   0.480507969321 
1180.0   160.0   0.476397584573 
1180.0   180.0   0.475926340127 
1180.0   200.0   0.483221336408 
1180.0   220.0   0.472333989542 
1180.0   240.0   0.48498809199 
1180.0   260.0   0.476397584573 
1180.0   280.0   0.478763182542 
1180.0   300.0   0.474985713501 
1180.0   320.0   0.47797290713 
1180.0   340.0   0.485794060411 
1180.0   360.0   0.494616394211 
1180.0   380.0   0.495444407535 
1180.0   400.0   0.494451021664 
1200.0   0.0   0.496816924527 
1200.0   20.0   0.495939426832 
1200.0   40.0   0.51070152282 
1200.0   60.0   0.50736784618 
1200.0   80.0   0.506313637182 
1200.0   100.0   0.501979098757 
1200.0   120.0   0.497256483353 
1200.0   140.0   0.506614521785 
1200.0   160.0   0.506614521785 
1200.0   180.0   0.514990022339 
1200.0   200.0   0.51576129416 
1200.0   220.0   0.509485664806 
1200.0   240.0   0.507518702289 
1200.0   260.0   0.516224861379 
1200.0   280.0   0.508273942064 
1200.0   300.0   0.513299087223 
1200.0   320.0   0.516689033728 
1200.0   340.0   0.510549313412 
1200.0   360.0   0.510245089591 
1200.0   380.0   0.512839314151 
1200.0   400.0   0.514681981254 
