444.0   100.0   0.0   0.0   0.0 
444.0   134.0   0.0   0.0   0.0 
444.0   168.0   0.0   0.0   0.0 
444.0   202.0   0.0   0.0   0.0 
444.0   236.0   0.0   0.0   0.0 
444.0   270.0   0.0   0.0   0.0 
444.0   304.0   0.0   0.0   0.0 
444.0   338.0   0.0   0.0   0.0 
444.0   372.0   0.0   0.0   0.0 
444.0   406.0   0.0   0.0   0.0 
444.0   440.0   0.0   0.0   0.0 
444.0   474.0   0.0   0.0   0.0 
444.0   508.0   0.0   0.0   0.0 
444.0   542.0   0.0   0.0   0.0 
444.0   576.0   0.0   0.0   0.0 
444.0   610.0   0.0   0.0   0.0 
444.0   644.0   0.0   0.0   0.0 
444.0   678.0   0.0   0.0   0.0 
444.0   712.0   0.0   0.0   0.0 
444.0   746.0   0.0   0.0   0.0 
444.0   780.0   0.0   0.0   0.0 
478.0   100.0   0.0   0.0   0.0 
478.0   134.0   0.0   0.0   0.0 
478.0   168.0   0.0   0.0   0.0 
478.0   202.0   0.0   0.0   0.0 
478.0   236.0   0.0   0.0   0.0 
478.0   270.0   0.0   0.0   0.0 
478.0   304.0   0.0   0.0   0.0 
478.0   338.0   0.0   0.0   0.0 
478.0   372.0   0.0   0.0   0.0 
478.0   406.0   0.0   0.0   0.0 
478.0   440.0   0.0   0.0   0.0 
478.0   474.0   0.0   0.0   0.0 
478.0   508.0   0.0   0.0   0.0 
478.0   542.0   0.0   0.0   0.0 
478.0   576.0   0.0   0.0   0.0 
478.0   610.0   0.0   0.0   0.0 
478.0   644.0   0.0   0.0   0.0 
478.0   678.0   0.0   0.0   0.0 
478.0   712.0   0.0   0.0   0.0 
478.0   746.0   0.0   0.0   0.0 
478.0   780.0   0.0   0.0   0.0 
512.0   100.0   0.0   0.0   0.0 
512.0   134.0   0.0   0.0   0.0 
512.0   168.0   0.0   0.0   0.0 
512.0   202.0   0.0   0.0   0.0 
512.0   236.0   0.0   0.0   0.0 
512.0   270.0   0.0   0.0   0.0 
512.0   304.0   0.0   0.0   0.0 
512.0   338.0   0.0   0.0   0.0 
512.0   372.0   0.0   0.0   0.0 
512.0   406.0   0.0   0.0   0.0 
512.0   440.0   0.0   0.0   0.0 
512.0   474.0   0.0   0.0   0.0 
512.0   508.0   0.0   0.0   0.0 
512.0   542.0   0.0   0.0   0.0 
512.0   576.0   0.0   0.0   0.0 
512.0   610.0   0.0   0.0   0.0 
512.0   644.0   0.0   0.0   0.0 
512.0   678.0   0.0   0.0   0.0 
512.0   712.0   0.0   0.0   0.0 
512.0   746.0   0.0   0.0   0.0 
512.0   780.0   0.0   0.0   0.0 
546.0   100.0   0.0   0.0   0.0 
546.0   134.0   0.0   0.0   0.0 
546.0   168.0   0.0   0.0   0.0 
546.0   202.0   0.0   0.0   0.0 
546.0   236.0   0.0   0.0   0.0 
546.0   270.0   0.0   0.0   0.0 
546.0   304.0   0.0   0.0   0.0 
546.0   338.0   0.0   0.0   0.0 
546.0   372.0   0.0   0.0   0.0 
546.0   406.0   0.0   0.0   0.0 
546.0   440.0   0.0   0.0   0.0 
546.0   474.0   0.0   0.0   0.0 
546.0   508.0   0.0   0.0   0.0 
546.0   542.0   0.0   0.0   0.0 
546.0   576.0   0.0   0.0   0.0 
546.0   610.0   0.0   0.0   0.0 
546.0   644.0   0.0   0.0   0.0 
546.0   678.0   0.0   0.0   0.0 
546.0   712.0   0.0   0.0   0.0 
546.0   746.0   0.0   0.0   0.0 
546.0   780.0   0.0   0.0   0.0 
580.0   100.0   0.0   0.0   0.0 
580.0   134.0   0.0   0.0   0.0 
580.0   168.0   0.0   0.0   0.0 
580.0   202.0   0.0   0.0   0.0 
580.0   236.0   0.0   0.0   0.0 
580.0   270.0   0.0   0.0   0.0 
580.0   304.0   0.0   0.0   0.0 
580.0   338.0   0.0   0.0   0.0 
580.0   372.0   0.0   0.0   0.0 
580.0   406.0   0.0   0.0   0.0 
580.0   440.0   0.0   0.0   0.0 
580.0   474.0   0.0   0.0   0.0 
580.0   508.0   0.0   0.0   0.0 
580.0   542.0   0.0   0.0   0.0 
580.0   576.0   0.0   0.0   0.0 
580.0   610.0   0.0   0.0   0.0 
580.0   644.0   0.0   0.0   0.0 
580.0   678.0   0.0   0.0   0.0 
580.0   712.0   0.0   0.0   0.0 
580.0   746.0   0.0   0.0   0.0 
580.0   780.0   0.0   0.0   0.0 
614.0   100.0   0.0   0.0   0.0 
614.0   134.0   0.0   0.0   0.0 
614.0   168.0   0.0   0.0   0.0 
614.0   202.0   0.0   0.0   0.0 
614.0   236.0   0.0   0.0   0.0 
614.0   270.0   0.0   0.0   0.0 
614.0   304.0   0.0   0.0   0.0 
614.0   338.0   0.0   0.0   0.0 
614.0   372.0   0.0   0.0   0.0 
614.0   406.0   0.0   0.0   0.0 
614.0   440.0   0.0   0.0   0.0 
614.0   474.0   0.0   0.0   0.0 
614.0   508.0   0.0   0.0   0.0 
614.0   542.0   0.0   0.0   0.0 
614.0   576.0   0.0   0.0   0.0 
614.0   610.0   0.0   0.0   0.0 
614.0   644.0   0.0   0.0   0.0 
614.0   678.0   0.0   0.0   0.0 
614.0   712.0   0.0   0.0   0.0 
614.0   746.0   0.0   0.0   0.0 
614.0   780.0   0.0   0.0   0.0 
648.0   100.0   0.0   0.0   0.0 
648.0   134.0   0.0   0.0   0.0 
648.0   168.0   0.0   0.0   0.0 
648.0   202.0   0.0   0.0   0.0 
648.0   236.0   0.0   0.0   0.0 
648.0   270.0   0.0   0.0   0.0 
648.0   304.0   0.0   0.0   0.0 
648.0   338.0   0.0   0.0   0.0 
648.0   372.0   0.0   0.0   0.0 
648.0   406.0   0.0   0.0   0.0 
648.0   440.0   0.0   0.0   0.0 
648.0   474.0   0.0   0.0   0.0 
648.0   508.0   0.0   0.0   0.0 
648.0   542.0   0.0   0.0   0.0 
648.0   576.0   0.0   0.0   0.0 
648.0   610.0   0.0   0.0   0.0 
648.0   644.0   0.0   0.0   0.0 
648.0   678.0   0.0   0.0   0.0 
648.0   712.0   0.0   0.0   0.0 
648.0   746.0   0.0   0.0   0.0 
648.0   780.0   0.0   0.0   0.0 
682.0   100.0   0.0   0.0   0.0 
682.0   134.0   0.0   0.0   0.0 
682.0   168.0   0.0   0.0   0.0 
682.0   202.0   0.0   0.0   0.0 
682.0   236.0   0.0   0.0   0.0 
682.0   270.0   0.0   0.0   0.0 
682.0   304.0   0.0   0.0   0.0 
682.0   338.0   0.0   0.0   0.0 
682.0   372.0   0.0   0.0   0.0 
682.0   406.0   0.0   0.0   0.0 
682.0   440.0   0.0   0.0   0.0 
682.0   474.0   0.0   0.0   0.0 
682.0   508.0   0.0   0.0   0.0 
682.0   542.0   0.0   0.0   0.0 
682.0   576.0   0.0   0.0   0.0 
682.0   610.0   0.0   0.0   0.0 
682.0   644.0   0.0   0.0   0.0 
682.0   678.0   0.0   0.0   0.0 
682.0   712.0   0.0   0.0   0.0 
682.0   746.0   0.0   0.0   0.0 
682.0   780.0   0.0   0.0   0.0 
716.0   100.0   0.0   0.0   0.0 
716.0   134.0   0.0   0.0   0.0 
716.0   168.0   0.0   0.0   0.0 
716.0   202.0   0.0   0.0   0.0 
716.0   236.0   0.0   0.0   0.0 
716.0   270.0   0.0   0.0   0.0 
716.0   304.0   0.0   0.0   0.0 
716.0   338.0   0.0   0.0   0.0 
716.0   372.0   0.0   0.0   0.0 
716.0   406.0   0.0   0.0   0.0 
716.0   440.0   0.0   0.0   0.0 
716.0   474.0   0.0   0.0   0.0 
716.0   508.0   0.0   0.0   0.0 
716.0   542.0   0.0   0.0   0.0 
716.0   576.0   0.0   0.0   0.0 
716.0   610.0   0.0   0.0   0.0 
716.0   644.0   0.0   0.0   0.0 
716.0   678.0   0.0   0.0   0.0 
716.0   712.0   0.0   0.0   0.0 
716.0   746.0   0.0   0.0   0.0 
716.0   780.0   0.0   0.0   0.0 
750.0   100.0   0.0   0.0   0.0 
750.0   134.0   0.0   0.0   0.0 
750.0   168.0   0.0   0.0   0.0 
750.0   202.0   0.0   0.0   0.0 
750.0   236.0   0.0   0.0   0.0 
750.0   270.0   0.0   0.0   0.0 
750.0   304.0   0.0   0.0   0.0 
750.0   338.0   0.0   0.0   0.0 
750.0   372.0   0.0   0.0   0.0 
750.0   406.0   0.0   0.0   0.0 
750.0   440.0   0.0   0.0   0.0 
750.0   474.0   0.0   0.0   0.0 
750.0   508.0   0.0   0.0   0.0 
750.0   542.0   0.0   0.0   0.0 
750.0   576.0   0.0   0.0   0.0 
750.0   610.0   0.0   0.0   0.0 
750.0   644.0   0.0   0.0   0.0 
750.0   678.0   0.0   0.0   0.0 
750.0   712.0   0.0   0.0   0.0 
750.0   746.0   0.0   0.0   0.0 
750.0   780.0   0.0   0.0   0.0 
784.0   100.0   0.0   0.0   0.0 
784.0   134.0   0.0   0.0   0.0 
784.0   168.0   0.0   0.0   0.0 
784.0   202.0   0.0   0.0   0.0 
784.0   236.0   0.0   0.0   0.0 
784.0   270.0   0.0   0.0   0.0 
784.0   304.0   0.0   0.0   0.0 
784.0   338.0   0.0   0.0   0.0 
784.0   372.0   0.0   0.0   0.0 
784.0   406.0   0.0   0.0   0.0 
784.0   440.0   0.0   0.0   0.0 
784.0   474.0   0.0   0.0   0.0 
784.0   508.0   0.0   0.0   0.0 
784.0   542.0   0.0   0.0   0.0 
784.0   576.0   0.0   0.0   0.0 
784.0   610.0   0.0   0.0   0.0 
784.0   644.0   0.0   0.0   0.0 
784.0   678.0   0.0   0.0   0.0 
784.0   712.0   0.0   0.0   0.0 
784.0   746.0   0.0   0.0   0.0 
784.0   780.0   0.0   0.0   0.0 
818.0   100.0   0.0   0.0   0.0 
818.0   134.0   0.0   0.0   0.0 
818.0   168.0   0.0   0.0   0.0 
818.0   202.0   0.0   0.0   0.0 
818.0   236.0   0.0   0.0   0.0 
818.0   270.0   0.0   0.0   0.0 
818.0   304.0   0.0   0.0   0.0 
818.0   338.0   0.0   0.0   0.0 
818.0   372.0   0.0   0.0   0.0 
818.0   406.0   0.0   0.0   0.0 
818.0   440.0   0.0   0.0   0.0 
818.0   474.0   0.0   0.0   0.0 
818.0   508.0   0.0   0.0   0.0 
818.0   542.0   0.0   0.0   0.0 
818.0   576.0   0.0   0.0   0.0 
818.0   610.0   0.0   0.0   0.0 
818.0   644.0   0.0   0.0   0.0 
818.0   678.0   0.0   0.0   0.0 
818.0   712.0   0.0   0.0   0.0 
818.0   746.0   0.0   0.0   0.0 
818.0   780.0   0.0   0.0   0.0 
852.0   100.0   0.0   0.0   0.0 
852.0   134.0   0.0   0.0   0.0 
852.0   168.0   0.0   0.0   0.0 
852.0   202.0   0.0   0.0   0.0 
852.0   236.0   0.0   0.0   0.0 
852.0   270.0   0.0   0.0   0.0 
852.0   304.0   0.0   0.0   0.0 
852.0   338.0   0.0   0.0   0.0 
852.0   372.0   0.0   0.0   0.0 
852.0   406.0   0.0   0.0   0.0 
852.0   440.0   0.0   0.0   0.0 
852.0   474.0   0.0   0.0   0.0 
852.0   508.0   0.0   0.0   0.0 
852.0   542.0   0.0   0.0   0.0 
852.0   576.0   0.0   0.0   0.0 
852.0   610.0   0.0   0.0   0.0 
852.0   644.0   0.0   0.0   0.0 
852.0   678.0   0.0   0.0   0.0 
852.0   712.0   0.0   0.0   0.0 
852.0   746.0   0.0   0.0   0.0 
852.0   780.0   0.0   0.0   0.0 
886.0   100.0   0.0   0.0   0.0 
886.0   134.0   0.0   0.0   0.0 
886.0   168.0   0.0   0.0   0.0 
886.0   202.0   0.0   0.0   0.0 
886.0   236.0   0.0   0.0   0.0 
886.0   270.0   0.0   0.0   0.0 
886.0   304.0   0.0   0.0   0.0 
886.0   338.0   0.0   0.0   0.0 
886.0   372.0   0.0   0.0   0.0 
886.0   406.0   0.0   0.0   0.0 
886.0   440.0   0.0   0.0   0.0 
886.0   474.0   0.0   0.0   0.0 
886.0   508.0   0.0   0.0   1.44328993201e-15 
886.0   542.0   0.0   0.0   6.77236045021e-15 
886.0   576.0   0.0   0.0   0.0 
886.0   610.0   0.0   0.0   0.0 
886.0   644.0   0.0   0.0   0.0 
886.0   678.0   0.0   0.0   0.0 
886.0   712.0   0.0   0.0   0.0 
886.0   746.0   0.0   0.0   0.0 
886.0   780.0   0.0   0.0   0.0 
920.0   100.0   0.0   0.0   0.0 
920.0   134.0   0.0   0.0   0.0 
920.0   168.0   0.0   0.0   0.0 
920.0   202.0   0.0   0.0   0.0 
920.0   236.0   0.0   0.0   0.0 
920.0   270.0   0.0   0.0   0.0 
920.0   304.0   0.0   0.0   1.11022302463e-16 
920.0   338.0   0.0   0.0   0.0 
920.0   372.0   0.0   0.0   1.11022302463e-15 
920.0   406.0   0.0   0.0   1.66533453694e-15 
920.0   440.0   0.0   0.0   8.43769498715e-15 
920.0   474.0   1.29896093881e-14   0.0   1.99507077525e-12 
920.0   508.0   4.41868763801e-14   2.22044604925e-16   5.80813175333e-12 
920.0   542.0   5.12367925865e-13   3.21964677141e-15   4.90284479682e-11 
920.0   576.0   1.65423230669e-14   1.11022302463e-16   2.470690319e-12 
920.0   610.0   0.0   0.0   0.0 
920.0   644.0   0.0   0.0   0.0 
920.0   678.0   0.0   0.0   0.0 
920.0   712.0   0.0   0.0   0.0 
920.0   746.0   0.0   0.0   0.0 
920.0   780.0   0.0   0.0   0.0 
954.0   100.0   0.0   0.0   6.99440505514e-15 
954.0   134.0   0.0   0.0   2.33146835171e-15 
954.0   168.0   1.11022302463e-16   0.0   3.17523785043e-14 
954.0   202.0   2.33146835171e-15   0.0   3.59712259979e-13 
954.0   236.0   3.33066907388e-16   0.0   7.33857419277e-14 
954.0   270.0   2.22044604925e-16   0.0   4.08562073062e-14 
954.0   304.0   2.77555756156e-15   0.0   4.25104396129e-13 
954.0   338.0   1.55431223448e-15   0.0   2.57460719411e-13 
954.0   372.0   1.16573417586e-14   1.11022302463e-16   1.48814294221e-12 
954.0   406.0   2.55351295664e-15   0.0   3.91020549273e-13 
954.0   440.0   6.5059069243e-14   4.4408920985e-16   6.67899069384e-12 
954.0   474.0   4.04121180964e-14   2.22044604925e-16   4.40236735955e-12 
954.0   508.0   1.4825252137e-11   1.90847337933e-13   7.6211770228e-10 
954.0   542.0   4.81614748082e-13   3.88578058619e-15   3.8379188716e-11 
954.0   576.0   5.20627985168e-12   5.81756864904e-14   3.06195624411e-10 
954.0   610.0   7.46140926822e-11   1.19582121982e-12   3.11151648891e-09 
954.0   644.0   0.0   0.0   0.0 
954.0   678.0   0.0   0.0   0.0 
954.0   712.0   0.0   0.0   0.0 
954.0   746.0   0.0   0.0   0.0 
954.0   780.0   0.0   0.0   0.0 
988.0   100.0   1.14352971536e-14   1.11022302463e-16   1.21880283643e-12 
988.0   134.0   3.44169137634e-15   0.0   4.27102797573e-13 
988.0   168.0   9.99200722163e-16   0.0   3.16302539716e-13 
988.0   202.0   2.09054995537e-13   1.88737914186e-15   1.56370472126e-11 
988.0   236.0   1.07691633389e-12   1.22124532709e-14   6.57626175737e-11 
988.0   270.0   8.43769498715e-15   0.0   9.37805388901e-13 
988.0   304.0   9.99644811372e-13   1.12132525487e-14   6.16092732386e-11 
988.0   338.0   4.08784117667e-13   4.10782519111e-15   2.81500378563e-11 
988.0   372.0   6.92723656215e-12   1.00031094519e-13   3.35395600182e-10 
988.0   406.0   1.35322864026e-11   2.13162820728e-13   6.02440985986e-10 
988.0   440.0   8.61311022504e-13   9.43689570931e-15   5.40720801467e-11 
988.0   474.0   3.83359122225e-10   9.38715771781e-12   1.11778027945e-08 
988.0   508.0   2.11676676187e-10   4.78950212823e-12   6.65725385929e-09 
988.0   542.0   5.13599440755e-09   1.78254078165e-10   1.07256296178e-07 
988.0   576.0   1.35566002868e-10   2.89146484533e-12   4.51198611806e-09 
988.0   610.0   4.76935246851e-09   1.63874802617e-10   1.00560351712e-07 
988.0   644.0   5.15856912742e-10   1.31417099425e-11   1.44813683267e-08 
988.0   678.0   0.0   0.0   0.0 
988.0   712.0   0.0   0.0   0.0 
988.0   746.0   0.0   0.0   0.0 
988.0   780.0   0.0   0.0   0.0 
1022.0   100.0   3.82393006149e-11   8.27005131043e-13   1.30776589558e-09 
1022.0   134.0   1.85235604633e-10   4.9050763451e-12   5.21244536422e-09 
1022.0   168.0   3.60677043787e-11   7.74158515071e-13   1.24241084087e-09 
1022.0   202.0   1.46641809806e-10   3.76798592328e-12   4.24773105578e-09 
1022.0   236.0   5.75741676556e-11   1.3120615705e-12   1.87213677894e-09 
1022.0   270.0   1.96376137573e-10   5.23936449781e-12   5.48602929751e-09 
1022.0   304.0   1.09496633982e-10   2.70983235851e-12   3.28860116916e-09 
1022.0   338.0   1.96376137573e-10   5.23936449781e-12   5.48602929751e-09 
1022.0   372.0   2.48047138385e-10   6.82043310718e-12   6.73141264951e-09 
1022.0   406.0   2.71204314561e-09   1.0177958476e-10   5.45748799485e-08 
1022.0   440.0   1.60490776224e-09   5.62354607325e-11   3.44967523436e-08 
1022.0   474.0   8.44954328727e-10   2.72323275041e-11   1.96815694853e-08 
1022.0   508.0   1.06700270841e-09   3.54490881094e-11   2.41386901578e-08 
1022.0   542.0   1.96356779725e-08   9.56868029256e-10   3.07530522936e-07 
1022.0   576.0   6.65545711875e-08   3.81758469281e-09   8.91640593581e-07 
1022.0   610.0   1.41569081347e-07   8.98926244552e-09   1.72082511152e-06 
1022.0   644.0   8.05607576315e-07   6.48292605154e-08   7.80879235418e-06 
1022.0   678.0   7.05348082164e-08   4.077568172e-09   9.37935655698e-07 
1022.0   712.0   0.0   0.0   0.0 
1022.0   746.0   0.0   0.0   0.0 
1022.0   780.0   0.0   0.0   0.0 
1056.0   100.0   8.85064110889e-09   4.46322201419e-10   1.38420648388e-07 
1056.0   134.0   1.27761726754e-08   6.75435041231e-10   1.90929352106e-07 
1056.0   168.0   2.68193722786e-09   1.16081255719e-10   4.86001858757e-08 
1056.0   202.0   3.05346427032e-08   1.806616301e-09   4.09450886529e-07 
1056.0   236.0   1.01648042206e-08   2.74691935864e-10   2.74031359604e-07 
1056.0   270.0   5.85532611286e-09   2.80029666122e-10   9.63737506465e-08 
1056.0   304.0   3.87308141114e-09   1.75688019688e-10   6.70814815917e-08 
1056.0   338.0   3.05346427032e-08   1.806616301e-09   4.09450886529e-07 
1056.0   372.0   4.82836959304e-08   3.03188329998e-09   6.11438656706e-07 
1056.0   406.0   3.66782335615e-08   2.22232687808e-09   4.80708849171e-07 
1056.0   440.0   5.20952312733e-07   4.47088255306e-08   4.8868585989e-06 
1056.0   474.0   2.62518318639e-07   2.05765995354e-08   2.68645109691e-06 
1056.0   508.0   2.54191455662e-08   1.46865419826e-09   3.48734996325e-07 
1056.0   542.0   1.66177933747e-07   1.22643933897e-08   1.80174509512e-06 
1056.0   576.0   5.45292824006e-07   4.70823345866e-08   5.08553185918e-06 
1056.0   610.0   7.85658623159e-07   7.1213172137e-08   6.99376003943e-06 
1056.0   644.0   1.86870610497e-06   1.90210823536e-07   1.48855025746e-05 
1056.0   678.0   2.94692403491e-06   3.18953783607e-07   2.21344977528e-05 
1056.0   712.0   1.86870610497e-06   1.90210823536e-07   1.48855025746e-05 
1056.0   746.0   0.0   0.0   0.0 
1056.0   780.0   0.0   0.0   0.0 
1090.0   100.0   1.93265274395e-06   1.29117193715e-07   2.24572686951e-05 
1090.0   134.0   3.51787126429e-07   3.19247726033e-08   3.20463724623e-06 
1090.0   168.0   6.76574490321e-07   3.85189297125e-08   9.16770609005e-06 
1090.0   202.0   1.40433943097e-06   8.93406123526e-08   1.71033082789e-05 
1090.0   236.0   5.24367832599e-07   5.01003355469e-08   4.54570236197e-06 
1090.0   270.0   7.81424444707e-07   7.8616501642e-08   6.44563007135e-06 
1090.0   304.0   4.37371584727e-07   4.08211324743e-08   3.87802044632e-06 
1090.0   338.0   7.00886085836e-07   6.95268261852e-08   5.86028040095e-06 
1090.0   372.0   5.43739076764e-07   5.21952249199e-08   4.69240281342e-06 
1090.0   406.0   4.13175176495e-06   5.16767024505e-07   2.76455014054e-05 
1090.0   440.0   4.7744171684e-06   6.08645585043e-07   3.13658188812e-05 
1090.0   474.0   1.29786124292e-06   1.39473231964e-07   1.00473977032e-05 
1090.0   508.0   2.00420365348e-06   2.27950931242e-07   1.46918510737e-05 
1090.0   542.0   6.37437536932e-06   8.44270279909e-07   4.03682373364e-05 
1090.0   576.0   1.75037533939e-05   2.65238613151e-06   9.74258307798e-05 
1090.0   610.0   1.31187580491e-05   1.9126482308e-06   7.57705372177e-05 
1090.0   644.0   2.6013027172e-05   4.15746438309e-06   0.00013758746919 
1090.0   678.0   7.64757302896e-05   1.41505650633e-05   0.000351618008497 
1090.0   712.0   0.000194165770451   4.08552012158e-05   0.000789661835872 
1090.0   746.0   0.00010561724643   2.04282459825e-05   0.000465480201593 
1090.0   780.0   0.0   0.0   0.0 
1124.0   100.0   2.25984639881e-05   2.41472410401e-06   0.000171117530221 
1124.0   134.0   2.46147225857e-06   3.13641076111e-07   1.64940474884e-05 
1124.0   168.0   5.86605914343e-06   8.35623899853e-07   3.53013372885e-05 
1124.0   202.0   7.60963123647e-06   1.12104860006e-06   4.43350636379e-05 
1124.0   236.0   7.60963123647e-06   1.12104860006e-06   4.43350636379e-05 
1124.0   270.0   4.92107364501e-05   5.94571786572e-06   0.000331287539153 
1124.0   304.0   8.54227194658e-06   1.27741537026e-06   4.90568106907e-05 
1124.0   338.0   9.87001548725e-06   1.50386324471e-06   5.5669076014e-05 
1124.0   372.0   0.000256259600733   4.04625086009e-05   0.00133655029473 
1124.0   406.0   3.31538681624e-05   5.91789925874e-06   0.000160588056965 
1124.0   440.0   3.12976977137e-05   5.54438856892e-06   0.000152705500702 
1124.0   474.0   1.52204921875e-05   2.45345841943e-06   8.13175863931e-05 
1124.0   508.0   1.61248560447e-05   2.6188738369e-06   8.55277341154e-05 
1124.0   542.0   1.52204921875e-05   2.45345841943e-06   8.13175863931e-05 
1124.0   576.0   5.40830266875e-05   1.02981192193e-05   0.000246200112292 
1124.0   610.0   7.63661311719e-05   1.52229153818e-05   0.000332683643022 
1124.0   644.0   0.000311174305291   7.49418903689e-05   0.0011310262521 
1124.0   678.0   0.000101776396752   2.10808337674e-05   0.000427381964694 
1124.0   712.0   0.000302401227264   7.25459779668e-05   0.00110323942932 
1124.0   746.0   0.000391123650182   9.71826370659e-05   0.00137982964152 
1124.0   780.0   0.00145007749903   0.00043204888428   0.00430194772295 
1158.0   100.0   0.00012995843094   2.96898597907e-05   0.00050421795706 
1158.0   134.0   0.00011325168905   2.54124420297e-05   0.000447059471557 
1158.0   168.0   0.000808632155282   0.000164695614664   0.00336580873024 
1158.0   202.0   0.000103321296798   2.29085129398e-05   0.000412581474622 
1158.0   236.0   4.02744090591e-05   7.90463118594e-06   0.000180868071267 
1158.0   270.0   8.59894191139e-05   1.86156582338e-05   0.000351358984145 
1158.0   304.0   0.000863839054156   0.000177887853162   0.00355817696447 
1158.0   338.0   0.000115879479528   2.60800092913e-05   0.000456117442492 
1158.0   372.0   7.49214765705e-05   1.59320952888e-05   0.000311452195698 
1158.0   406.0   0.000132972477261   3.04696141619e-05   0.000514426760769 
1158.0   440.0   0.000187511245341   4.49465695294e-05   0.000694665368119 
1158.0   474.0   0.000159732115104   3.74905512899e-05   0.000603848337875 
1158.0   508.0   0.000159732115104   3.74905512899e-05   0.000603848337875 
1158.0   542.0   0.000355758902739   9.28032736964e-05   0.00121510463831 
1158.0   576.0   0.000183265987825   4.37970014313e-05   0.00068090475556 
1158.0   610.0   0.000969888167257   0.000289402137437   0.0029122005869 
1158.0   644.0   0.00068937594309   0.000196445401519   0.00216324797599 
1158.0   678.0   0.00094807992592   0.000282025803522   0.00285511622006 
1158.0   712.0   0.00149334286389   0.000472518503928   0.00423918780394 
1158.0   746.0   0.0011116246299   0.000337882165594   0.00327925159611 
1158.0   780.0   0.00275258872975   0.000947392067094   0.00721065394303 
1192.0   100.0   0.000645446737523   0.000191830408669   0.0019679372324 
1192.0   134.0   0.000682012755421   0.000204165891699   0.00206504152193 
1192.0   168.0   0.000557201382548   0.000162451598851   0.00173058567891 
1192.0   202.0   0.000819448477849   0.000251289715214   0.00242435580887 
1192.0   236.0   0.000455148457246   0.000129245696277   0.00144995719001 
1192.0   270.0   0.000537085676088   0.000155837354937   0.00167583039509 
1192.0   304.0   0.00065741323994   0.000195857308637   0.00199979109886 
1192.0   338.0   0.000508259851495   0.000146416474503   0.00159690549338 
1192.0   372.0   0.000804547820242   0.000246126005902   0.00238579787006 
1192.0   406.0   0.000881848021836   0.000273048097142   0.00258486619907 
1192.0   440.0   0.000775550674714   0.000236114020661   0.00231049749605 
1192.0   474.0   0.000508259851495   0.000146416474503   0.00159690549338 
1192.0   508.0   0.00186805535994   0.000638948969301   0.00497647243748 
1192.0   542.0   0.00134409710813   0.000440015089063   0.00373451272431 
1192.0   576.0   0.000508259851495   0.000146416474503   0.00159690549338 
1192.0   610.0   0.00167404091753   0.000564267611803   0.00452268985868 
1192.0   644.0   0.00216192504434   0.000754068887808   0.00565232590024 
1192.0   678.0   0.00193757085923   0.000665971473297   0.00513753254296 
1192.0   712.0   0.00241208317186   0.000853781138644   0.00621812616714 
1192.0   746.0   0.00537108329715   0.00211938765727   0.0124785257611 
1192.0   780.0   0.0071776741812   0.00294764227597   0.01605176976 
1226.0   100.0   0.0040397011956   0.00159477021001   0.00946576076298 
1226.0   134.0   0.00369895765591   0.00144329976556   0.00876509991465 
1226.0   168.0   0.0275203064738   0.0112552187723   0.0606548643733 
1226.0   202.0   0.00245011391147   0.000905509456041   0.00611676579148 
1226.0   236.0   0.00199326282394   0.000717039862319   0.00510722943802 
1226.0   270.0   0.00441159139905   0.00176207151856   0.010221731729 
1226.0   304.0   0.0031007742197   0.00118202434363   0.00751403095784 
1226.0   338.0   0.00375369780949   0.00146751058502   0.00887820867313 
1226.0   372.0   0.00481744684182   0.00194684959617   0.0110373059379 
1226.0   406.0   0.002344180775   0.000861353776977   0.0058850116076 
1226.0   440.0   0.00202287854256   0.000729096544144   0.00517351190475 
1226.0   474.0   0.00224280082574   0.000819344664356   0.00566195311 
1226.0   508.0   0.0222445831925   0.00875319511327   0.05082945193 
1226.0   542.0   0.00245011391147   0.000905509456041   0.00611676579148 
1226.0   576.0   0.00557781292826   0.00229866654451   0.012541749341 
1226.0   610.0   0.00353944885679   0.00137302932849   0.00843425265015 
1226.0   644.0   0.00526033773975   0.00215092030732   0.0119171018986 
1226.0   678.0   0.00627089910366   0.00262515898829   0.0138896044034 
1226.0   712.0   0.00986214039242   0.00438881535809   0.0206015779561 
1226.0   746.0   0.0130046392826   0.00600995612468   0.0262027966929 
1226.0   780.0   0.0117456766721   0.00535301551868   0.0239835184833 
1260.0   100.0   0.0666123163315   0.0329605914261   0.123812184971 
1260.0   134.0   0.00762855669081   0.00338833065524   0.016083869334 
1260.0   168.0   0.0102501779322   0.00473399924498   0.0208155621592 
1260.0   202.0   0.0785484277093   0.0400918131749   0.141857412649 
1260.0   236.0   0.00977750221699   0.00448751359201   0.0199754267815 
1260.0   270.0   0.00719026825952   0.00316890297124   0.0152736631114 
1260.0   304.0   0.0774848837321   0.0394470865916   0.140271299936 
1260.0   338.0   0.00771934227173   0.00343399810194   0.0162509269859 
1260.0   372.0   0.0713710814881   0.0357756490828   0.131072906286 
1260.0   406.0   0.096791401849   0.0514099012073   0.168488090846 
1260.0   440.0   0.0120898852423   0.00570762102649   0.0240394283522 
1260.0   474.0   0.00654038329503   0.00284686701903   0.014060334894 
1260.0   508.0   0.0118083051704   0.00555720322834   0.0235504272275 
1260.0   542.0   0.012823257704   0.00610161485441   0.0253060890068 
1260.0   576.0   0.0112644853371   0.00526809418929   0.0226016244642 
1260.0   610.0   0.0158469862124   0.00775740507872   0.030433812658 
1260.0   644.0   0.0132842461478   0.00635087267437   0.0260973805081 
1260.0   678.0   0.0170039851886   0.00840312491044   0.0323602692435 
1260.0   712.0   0.0200386096267   0.0101250493577   0.037333402904 
1260.0   746.0   0.0207554623261   0.0105373723299   0.0384929095152 
1260.0   780.0   0.0271611571279   0.0143047171907   0.0486363395702 
1294.0   100.0   0.167497875031   0.100884025184   0.261034905654 
1294.0   134.0   0.198331365816   0.123487220159   0.299833561563 
1294.0   168.0   0.0276020537092   0.0149424607464   0.0484219182065 
1294.0   202.0   0.0215745656409   0.0113025154706   0.0390587237067 
1294.0   236.0   0.0221975318277   0.0116728713953   0.0400410681982 
1294.0   270.0   0.0253478087701   0.0135668890354   0.0449553455183 
1294.0   304.0   0.143784312645   0.0840746940774   0.230258739625 
1294.0   338.0   0.0258324942282   0.0138612796866   0.0457040263656 
1294.0   372.0   0.162503980476   0.0973005218197   0.254626847921 
1294.0   406.0   0.0246375695757   0.0131369001652   0.0438548200199 
1294.0   440.0   0.174359695279   0.105844205636   0.269780535868 
1294.0   474.0   0.0248721047636   0.0132787051607   0.0442186937866 
1294.0   508.0   0.182363542591   0.111681606898   0.279898633753 
1294.0   542.0   0.0268294786005   0.0144692133254   0.0472382411559 
1294.0   576.0   0.0224091109142   0.0117989815265   0.0403738738454 
1294.0   610.0   0.0224091109142   0.0117989815265   0.0403738738454 
1294.0   644.0   0.0356199449008   0.0199552331066   0.0604685113264 
1294.0   678.0   0.0303392930012   0.0166336519582   0.0525812175103 
1294.0   712.0   0.039509399408   0.0224468058397   0.0661767406942 
1294.0   746.0   0.0450693087677   0.0260681796277   0.0742073950698 
1294.0   780.0   0.0538630910876   0.0319241317039   0.0866422784509 
1328.0   100.0   0.0555033936931   0.0337050707865   0.0876356417266 
1328.0   134.0   0.0598911679528   0.0367437348406   0.0936408168915 
1328.0   168.0   0.0572192493332   0.0348894948273   0.089991322406 
1328.0   202.0   0.329231313282   0.23006056052   0.449723780998 
1328.0   236.0   0.316307134304   0.219253355556   0.435241561309 
1328.0   270.0   0.329231313282   0.23006056052   0.449723780998 
1328.0   304.0   0.0580966132697   0.03549705319   0.0911921659268 
1328.0   338.0   0.0421707737866   0.0246864894556   0.0689688471087 
1328.0   372.0   0.0622110575113   0.0383631264215   0.096791705674 
1328.0   406.0   0.265525130107   0.177738537096   0.377151497519 
1328.0   440.0   0.310565441698   0.214482555168   0.428770554794 
1328.0   474.0   0.328039660708   0.229060181453   0.44839321887 
1328.0   508.0   0.324484836472   0.226080648614   0.444418338072 
1328.0   542.0   0.0428206857665   0.0251179028893   0.0698953297464 
1328.0   576.0   0.051825467282   0.0311836086737   0.0825528267151 
1328.0   610.0   0.0522219906059   0.0314542857615   0.0831030797603 
1328.0   644.0   0.411243076006   0.300709036616   0.539201752941 
1328.0   678.0   0.0671185601994   0.0418165286281   0.103405703616 
1328.0   712.0   0.0746324674117   0.0471728539096   0.113407558744 
1328.0   746.0   0.0676297151197   0.0421783251275   0.104090759968 
1328.0   780.0   0.0829689742505   0.0532058147205   0.124345013728 
1362.0   100.0   0.510860732589   0.394423597321   0.639431078453 
1362.0   134.0   0.517613805692   0.400718122242   0.646316239016 
1362.0   168.0   0.0995519560715   0.066516337543   0.143986895563 
1362.0   202.0   0.0807528796705   0.0524610762034   0.119983504303 
1362.0   236.0   0.476717098419   0.362884944616   0.604337276132 
1362.0   270.0   0.0832818215109   0.0543273802922   0.123253063163 
1362.0   304.0   0.103286941125   0.0693561089252   0.148679200391 
1362.0   338.0   0.479285577031   0.365240530947   0.606994119823 
1362.0   372.0   0.0817553026873   0.0531998820387   0.121281113217 
1362.0   406.0   0.0919065164777   0.060750729045   0.134305972809 
1362.0   440.0   0.0919065164777   0.060750729045   0.134305972809 
1362.0   474.0   0.0817553026873   0.0531998820387   0.121281113217 
1362.0   508.0   0.107158639999   0.0723152275679   0.153518936483 
1362.0   542.0   0.103922602309   0.0698408774396   0.14947546879 
1362.0   576.0   0.0913427813735   0.0603282039878   0.133587934899 
1362.0   610.0   0.0848362328569   0.0554784473931   0.125256063852 
1362.0   644.0   0.0797624961613   0.0517323968731   0.118699358432 
1362.0   678.0   0.10781755013   0.0728203583119   0.154340196299 
1362.0   712.0   0.115331570745   0.0786112900665   0.163658198807 
1362.0   746.0   0.0936182118245   0.0620358870265   0.136482556092 
1362.0   780.0   0.14366507222   0.100914788522   0.198089836144 
1396.0   100.0   0.150981900058   0.108189034408   0.204866052714 
1396.0   134.0   0.14801470995   0.10577907157   0.201355489974 
1396.0   168.0   0.161029381312   0.116399262245   0.216684545142 
1396.0   202.0   0.142957849552   0.101687747324   0.19535026729 
1396.0   236.0   0.140144009412   0.0994200026135   0.191996217493 
1396.0   270.0   0.660693040742   0.541887620958   0.784873740155 
1396.0   304.0   0.638923480325   0.520441695162   0.763689401785 
1396.0   338.0   0.157090477835   0.113171620029   0.212063781475 
1396.0   372.0   0.134008323587   0.094497562838   0.184650481281 
1396.0   406.0   0.717643717655   0.598726506675   0.839665580353 
1396.0   440.0   0.623818849906   0.505655972281   0.748908281956 
1396.0   474.0   0.146552428038   0.104593919255   0.199621893374 
1396.0   508.0   0.145826558566   0.104006238641   0.198760468013 
1396.0   542.0   0.188600217651   0.139298176149   0.248613656108 
1396.0   576.0   0.157090477835   0.113171620029   0.212063781475 
1396.0   610.0   0.167531573459   0.12175205119   0.224278515992 
1396.0   644.0   0.178643622678   0.130968781016   0.237163216544 
1396.0   678.0   0.727162394047   0.60832711768   0.848739323406 
1396.0   712.0   0.171723864268   0.125219225389   0.229153088216 
1396.0   746.0   0.142957849552   0.101687747324   0.19535026729 
1396.0   780.0   0.17688880297   0.12950761836   0.235136024711 
1430.0   100.0   0.877420958749   0.767035515095   0.986136250401 
1430.0   134.0   0.249552322846   0.193544168069   0.314728182305 
1430.0   168.0   0.850728607138   0.739002409614   0.961524214109 
1430.0   202.0   0.220440202491   0.168103726836   0.282532108521 
1430.0   236.0   0.871324770054   0.760616591148   0.980527605517 
1430.0   270.0   0.220440202491   0.168103726836   0.282532108521 
1430.0   304.0   0.216930669118   0.165068411387   0.278612147397 
1430.0   338.0   0.807820756563   0.694340346551   0.921654771814 
1430.0   372.0   0.210072333966   0.159157276345   0.270926260566 
1430.0   406.0   0.79608235609   0.682210440298   0.91067904194 
1430.0   440.0   0.200175224781   0.150675968141   0.25977347293 
1430.0   474.0   0.232227489986   0.178348949398   0.295635436137 
1430.0   508.0   0.791409861377   0.677392875349   0.906301671137 
1430.0   542.0   0.794912997345   0.681004197918   0.909583997227 
1430.0   576.0   0.212619366478   0.161349348166   0.273784613847 
1430.0   610.0   0.224004351752   0.17119342685   0.286504231142 
1430.0   644.0   0.200982498396   0.151365553261   0.260685960707 
1430.0   678.0   0.24267236334   0.187490851191   0.307169106028 
1430.0   712.0   0.219557729595   0.167339835528   0.281547252157 
1430.0   746.0   0.206721998008   0.156279663406   0.267159123454 
1430.0   780.0   0.238823074285   0.184114944248   0.302926790433 
