271.0   100.0   0.311167823432   0.0   6.19330795537e-08 
271.0   145.0   0.0   0.0   0.0 
271.0   190.0   0.0   0.0   0.0 
271.0   235.0   0.0   0.0   0.0 
271.0   280.0   0.0   0.0   0.0 
271.0   325.0   0.0   0.0   0.0 
271.0   370.0   0.0   0.0   0.0 
271.0   415.0   0.0   0.0   0.0 
271.0   460.0   0.0   0.0   0.0 
271.0   505.0   0.0   0.0   0.0 
271.0   550.0   0.0   0.0   0.0 
271.0   595.0   0.0   0.0   0.0 
271.0   640.0   0.0   0.0   0.0 
271.0   685.0   0.0   0.0   0.0 
271.0   730.0   0.0   0.0   0.0 
271.0   775.0   0.0   0.0   0.0 
271.0   820.0   0.0   0.0   0.0 
271.0   865.0   0.0   0.0   0.0 
271.0   910.0   0.0   0.0   0.0 
271.0   955.0   0.0   0.0   0.0 
271.0   1000.0   0.0   0.0   0.0 
316.0   100.0   0.311167823432   0.0   0.0140406865077 
316.0   145.0   0.311167823432   0.0   0.0140406865077 
316.0   190.0   0.0   0.0   0.0 
316.0   235.0   0.0   0.0   0.0 
316.0   280.0   0.0   0.0   0.0 
316.0   325.0   0.0   0.0   0.0 
316.0   370.0   0.0   0.0   0.0 
316.0   415.0   0.0   0.0   0.0 
316.0   460.0   0.0   0.0   0.0 
316.0   505.0   0.0   0.0   0.0 
316.0   550.0   0.0   0.0   0.0 
316.0   595.0   0.0   0.0   0.0 
316.0   640.0   0.0   0.0   0.0 
316.0   685.0   0.0   0.0   0.0 
316.0   730.0   0.0   0.0   0.0 
316.0   775.0   0.0   0.0   0.0 
316.0   820.0   0.0   0.0   0.0 
316.0   865.0   0.0   0.0   0.0 
316.0   910.0   0.0   0.0   0.0 
316.0   955.0   0.0   0.0   0.0 
316.0   1000.0   0.0   0.0   0.0 
361.0   100.0   0.311167823432   4.99600361081e-15   0.103788927532 
361.0   145.0   0.311167823432   4.99600361081e-15   0.103788927532 
361.0   190.0   0.311167823432   4.99600361081e-15   0.103788927532 
361.0   235.0   0.0   0.0   0.0 
361.0   280.0   0.0   0.0   0.0 
361.0   325.0   0.0   0.0   0.0 
361.0   370.0   0.0   0.0   0.0 
361.0   415.0   0.0   0.0   0.0 
361.0   460.0   0.0   0.0   0.0 
361.0   505.0   0.0   0.0   0.0 
361.0   550.0   0.0   0.0   0.0 
361.0   595.0   0.0   0.0   0.0 
361.0   640.0   0.0   0.0   0.0 
361.0   685.0   0.0   0.0   0.0 
361.0   730.0   0.0   0.0   0.0 
361.0   775.0   0.0   0.0   0.0 
361.0   820.0   0.0   0.0   0.0 
361.0   865.0   0.0   0.0   0.0 
361.0   910.0   0.0   0.0   0.0 
361.0   955.0   0.0   0.0   0.0 
361.0   1000.0   0.0   0.0   0.0 
406.0   100.0   0.311167823432   2.19607880103e-07   0.187935840514 
406.0   145.0   0.311167823432   2.19607880103e-07   0.187935840514 
406.0   190.0   0.311167823432   2.19607880103e-07   0.187935840514 
406.0   235.0   0.311167823432   2.19607880103e-07   0.187935840514 
406.0   280.0   0.0   0.0   0.0 
406.0   325.0   0.0   0.0   0.0 
406.0   370.0   0.0   0.0   0.0 
406.0   415.0   0.0   0.0   0.0 
406.0   460.0   0.0   0.0   0.0 
406.0   505.0   0.0   0.0   0.0 
406.0   550.0   0.0   0.0   0.0 
406.0   595.0   0.0   0.0   0.0 
406.0   640.0   0.0   0.0   0.0 
406.0   685.0   0.0   0.0   0.0 
406.0   730.0   0.0   0.0   0.0 
406.0   775.0   0.0   0.0   0.0 
406.0   820.0   0.0   0.0   0.0 
406.0   865.0   0.0   0.0   0.0 
406.0   910.0   0.0   0.0   0.0 
406.0   955.0   0.0   0.0   0.0 
406.0   1000.0   0.0   0.0   0.0 
451.0   100.0   0.0   0.0   0.0 
451.0   145.0   0.311167823432   0.000787933584877   0.23960415277 
451.0   190.0   0.311167823432   0.000787933584877   0.23960415277 
451.0   235.0   0.311167823432   0.000787933584877   0.23960415277 
451.0   280.0   0.311167823432   0.000787933584877   0.23960415277 
451.0   325.0   0.0   0.0   0.0 
451.0   370.0   0.0   0.0   0.0 
451.0   415.0   0.0   0.0   0.0 
451.0   460.0   0.0   0.0   0.0 
451.0   505.0   0.0   0.0   0.0 
451.0   550.0   0.0   0.0   0.0 
451.0   595.0   0.0   0.0   0.0 
451.0   640.0   0.0   0.0   0.0 
451.0   685.0   0.0   0.0   0.0 
451.0   730.0   0.0   0.0   0.0 
451.0   775.0   0.0   0.0   0.0 
451.0   820.0   0.0   0.0   0.0 
451.0   865.0   0.0   0.0   0.0 
451.0   910.0   0.0   0.0   0.0 
451.0   955.0   0.0   0.0   0.0 
451.0   1000.0   0.0   0.0   0.0 
496.0   100.0   0.0   0.0   0.0 
496.0   145.0   0.0   0.0   1.11022302463e-16 
496.0   190.0   0.311167823432   0.0380901054262   0.268858770135 
496.0   235.0   0.311167823432   0.0380901054262   0.268858770135 
496.0   280.0   0.311167823432   0.0380901054262   0.268858770135 
496.0   325.0   0.311167823432   0.0380901054262   0.268858770135 
496.0   370.0   0.0   0.0   0.0 
496.0   415.0   0.0   0.0   0.0 
496.0   460.0   0.0   0.0   0.0 
496.0   505.0   0.0   0.0   0.0 
496.0   550.0   0.0   0.0   0.0 
496.0   595.0   0.0   0.0   0.0 
496.0   640.0   0.0   0.0   0.0 
496.0   685.0   0.0   0.0   0.0 
496.0   730.0   0.0   0.0   0.0 
496.0   775.0   0.0   0.0   0.0 
496.0   820.0   0.0   0.0   0.0 
496.0   865.0   0.0   0.0   0.0 
496.0   910.0   0.0   0.0   0.0 
496.0   955.0   0.0   0.0   0.0 
496.0   1000.0   0.0   0.0   0.0 
541.0   100.0   0.0   0.0   0.0 
541.0   145.0   0.0   0.0   0.0 
541.0   190.0   0.0   0.0   6.4381833198e-13 
541.0   235.0   0.311167823432   0.246464758698   0.285498150219 
541.0   280.0   0.311167823432   0.246464758698   0.285498150219 
541.0   325.0   0.311167823432   0.246464758698   0.285498150219 
541.0   370.0   0.311167823432   0.246464758698   0.285498150219 
541.0   415.0   0.0   0.0   0.0 
541.0   460.0   0.0   0.0   0.0 
541.0   505.0   0.0   0.0   0.0 
541.0   550.0   0.0   0.0   0.0 
541.0   595.0   0.0   0.0   0.0 
541.0   640.0   0.0   0.0   0.0 
541.0   685.0   0.0   0.0   0.0 
541.0   730.0   0.0   0.0   0.0 
541.0   775.0   0.0   0.0   0.0 
541.0   820.0   0.0   0.0   0.0 
541.0   865.0   0.0   0.0   0.0 
541.0   910.0   0.0   0.0   0.0 
541.0   955.0   0.0   0.0   0.0 
541.0   1000.0   0.0   0.0   0.0 
586.0   100.0   0.0   0.0   0.0 
586.0   145.0   0.0   0.0   0.0 
586.0   190.0   0.0   0.0   0.0 
586.0   235.0   4.4408920985e-15   0.0   2.574611635e-10 
586.0   280.0   0.311167823432   0.615085467026   0.295222590889 
586.0   325.0   0.311167823432   0.615085467026   0.295222590889 
586.0   370.0   0.311167823432   0.615085467026   0.295222590889 
586.0   415.0   0.311167823432   0.615085467026   0.295222590889 
586.0   460.0   0.0   0.0   0.0 
586.0   505.0   0.0   0.0   0.0 
586.0   550.0   0.0   0.0   0.0 
586.0   595.0   0.0   0.0   0.0 
586.0   640.0   0.0   0.0   0.0 
586.0   685.0   0.0   0.0   0.0 
586.0   730.0   0.0   0.0   0.0 
586.0   775.0   0.0   0.0   0.0 
586.0   820.0   0.0   0.0   0.0 
586.0   865.0   0.0   0.0   0.0 
586.0   910.0   0.0   0.0   0.0 
586.0   955.0   0.0   0.0   0.0 
586.0   1000.0   0.0   0.0   0.0 
631.0   100.0   0.0   0.0   0.0 
631.0   145.0   0.0   0.0   0.0 
631.0   190.0   0.0   0.0   0.0 
631.0   235.0   0.0   0.0   0.0 
631.0   280.0   8.33935929867e-07   2.97953217654e-10   0.000189817622461 
631.0   325.0   0.311167823432   0.96826453755   0.301010659847 
631.0   370.0   0.311167823432   0.96826453755   0.301010659847 
631.0   415.0   0.311167823432   0.96826453755   0.301010659847 
631.0   460.0   0.311167823432   0.96826453755   0.301010659847 
631.0   505.0   0.0   0.0   0.0 
631.0   550.0   0.0   0.0   0.0 
631.0   595.0   0.0   0.0   0.0 
631.0   640.0   0.0   0.0   0.0 
631.0   685.0   0.0   0.0   0.0 
631.0   730.0   0.0   0.0   0.0 
631.0   775.0   0.0   0.0   0.0 
631.0   820.0   0.0   0.0   0.0 
631.0   865.0   0.0   0.0   0.0 
631.0   910.0   0.0   0.0   0.0 
631.0   955.0   0.0   0.0   0.0 
631.0   1000.0   0.0   0.0   0.0 
676.0   100.0   0.0   0.0   0.0 
676.0   145.0   0.0   0.0   0.0 
676.0   190.0   0.0   0.0   0.0 
676.0   235.0   0.0   0.0   0.0 
676.0   280.0   0.0   0.0   0.0 
676.0   325.0   2.86552188467e-06   5.26417198721e-09   0.000265027212989 
676.0   370.0   0.311167823432   0.778106919388   0.304534262829 
676.0   415.0   0.311167823432   0.778106919388   0.304534262829 
676.0   460.0   0.311167823432   0.778106919388   0.304534262829 
676.0   505.0   0.311167823432   0.778106919388   0.304534262829 
676.0   550.0   0.0   0.0   0.0 
676.0   595.0   0.0   0.0   0.0 
676.0   640.0   0.0   0.0   0.0 
676.0   685.0   0.0   0.0   0.0 
676.0   730.0   0.0   0.0   0.0 
676.0   775.0   0.0   0.0   0.0 
676.0   820.0   0.0   0.0   0.0 
676.0   865.0   0.0   0.0   0.0 
676.0   910.0   0.0   0.0   0.0 
676.0   955.0   0.0   0.0   0.0 
676.0   1000.0   0.0   0.0   0.0 
721.0   100.0   0.0   0.0   0.0 
721.0   145.0   0.0   0.0   0.0 
721.0   190.0   0.0   0.0   0.0 
721.0   235.0   0.0   0.0   0.0 
721.0   280.0   0.0   0.0   0.0 
721.0   325.0   0.0   0.0   0.0 
721.0   370.0   0.000370022893431   5.92294241786e-06   0.00706349275625 
721.0   415.0   0.311167823432   0.614358046145   0.30674319653 
721.0   460.0   0.311167823432   0.614358046145   0.30674319653 
721.0   505.0   0.311167823432   0.614358046145   0.30674319653 
721.0   550.0   0.311167823432   0.614358046145   0.30674319653 
721.0   595.0   0.0   0.0   0.0 
721.0   640.0   0.0   0.0   0.0 
721.0   685.0   0.0   0.0   0.0 
721.0   730.0   0.0   0.0   0.0 
721.0   775.0   0.0   0.0   0.0 
721.0   820.0   0.0   0.0   0.0 
721.0   865.0   0.0   0.0   0.0 
721.0   910.0   0.0   0.0   0.0 
721.0   955.0   0.0   0.0   0.0 
721.0   1000.0   0.0   0.0   0.0 
766.0   100.0   0.0   0.0   0.0 
766.0   145.0   0.0   0.0   0.0 
766.0   190.0   0.0   0.0   0.0 
766.0   235.0   0.0   0.0   0.0 
766.0   280.0   0.0   0.0   0.0 
766.0   325.0   0.0   0.0   0.0 
766.0   370.0   0.0   0.0   0.0 
766.0   415.0   0.016061395494   0.00129436404108   0.0918103582619 
766.0   460.0   0.311167823432   0.510571520326   0.308173381643 
766.0   505.0   0.311167823432   0.510571520326   0.308173381643 
766.0   550.0   0.311167823432   0.510571520326   0.308173381643 
766.0   595.0   0.311167823432   0.510571520326   0.308173381643 
766.0   640.0   0.0   0.0   0.0 
766.0   685.0   0.0   0.0   0.0 
766.0   730.0   0.0   0.0   0.0 
766.0   775.0   0.0   0.0   0.0 
766.0   820.0   0.0   0.0   0.0 
766.0   865.0   0.0   0.0   0.0 
766.0   910.0   0.0   0.0   0.0 
766.0   955.0   0.0   0.0   0.0 
766.0   1000.0   0.0   0.0   0.0 
811.0   100.0   0.0   0.0   0.0 
811.0   145.0   0.0   0.0   0.0 
811.0   190.0   0.0   0.0   0.0 
811.0   235.0   0.0   0.0   0.0 
811.0   280.0   0.0   0.0   2.10942374679e-15 
811.0   325.0   0.0   0.0   0.0 
811.0   370.0   0.0   0.0   3.33066907388e-16 
811.0   415.0   3.21964677141e-15   0.0   2.48634446365e-12 
811.0   460.0   0.136938054812   0.0301999948906   0.375695771652 
811.0   505.0   0.311167823432   0.444877453229   0.309110779769 
811.0   550.0   0.311167823432   0.444877453229   0.309110779769 
811.0   595.0   0.311167823432   0.444877453229   0.309110779769 
811.0   640.0   0.311167823432   0.444877453229   0.309110779769 
811.0   685.0   0.0   0.0   0.0 
811.0   730.0   0.0   0.0   0.0 
811.0   775.0   0.0   0.0   0.0 
811.0   820.0   0.0   0.0   0.0 
811.0   865.0   0.0   0.0   0.0 
811.0   910.0   0.0   0.0   0.0 
811.0   955.0   0.0   0.0   0.0 
811.0   1000.0   0.0   0.0   0.0 
856.0   100.0   0.0   0.0   0.0 
856.0   145.0   0.0   0.0   0.0 
856.0   190.0   0.0   0.0   0.0 
856.0   235.0   0.0   0.0   0.0 
856.0   280.0   0.0   0.0   1.11022302463e-16 
856.0   325.0   0.0   0.0   4.66293670343e-15 
856.0   370.0   0.0   0.0   3.46389583683e-14 
856.0   415.0   1.71196390397e-13   3.33066907388e-16   4.79624118199e-11 
856.0   460.0   1.32747146608e-11   4.31876756579e-14   1.97542215918e-09 
856.0   505.0   0.630372037424   0.296473769205   0.999361901694 
856.0   550.0   0.311167823432   0.403129746719   0.309726751414 
856.0   595.0   0.311167823432   0.403129746719   0.309726751414 
856.0   640.0   0.311167823432   0.403129746719   0.309726751414 
856.0   685.0   0.311167823432   0.403129746719   0.309726751414 
856.0   730.0   0.0   0.0   0.0 
856.0   775.0   0.0   0.0   0.0 
856.0   820.0   0.0   0.0   0.0 
856.0   865.0   0.0   0.0   0.0 
856.0   910.0   0.0   0.0   0.0 
856.0   955.0   0.0   0.0   0.0 
856.0   1000.0   0.0   0.0   0.0 
901.0   100.0   0.0   0.0   0.0 
901.0   145.0   0.0   0.0   2.99760216649e-15 
901.0   190.0   0.0   0.0   7.66053886991e-15 
901.0   235.0   0.0   0.0   3.15303338994e-14 
901.0   280.0   1.37667655054e-14   0.0   3.87667675739e-12 
901.0   325.0   7.80153719404e-13   2.6645352591e-15   1.26128885114e-10 
901.0   370.0   1.57651669497e-14   0.0   4.35629310402e-12 
901.0   415.0   2.38967956534e-10   1.88582482963e-12   1.72271228394e-08 
901.0   460.0   2.91389401497e-09   3.37448957666e-11   1.45983265254e-07 
901.0   505.0   1.12012021469e-06   3.38088966823e-08   2.27102071066e-05 
901.0   550.0   0.274698692709   0.107741679417   0.532533476317 
901.0   595.0   0.311167823432   0.375341498261   0.310148216263 
901.0   640.0   0.311167823432   0.375341498261   0.310148216263 
901.0   685.0   0.311167823432   0.375341498261   0.310148216263 
901.0   730.0   0.311167823432   0.375341498261   0.310148216263 
901.0   775.0   0.0   0.0   0.0 
901.0   820.0   0.0   0.0   0.0 
901.0   865.0   0.0   0.0   0.0 
901.0   910.0   0.0   0.0   0.0 
901.0   955.0   0.0   0.0   0.0 
901.0   1000.0   0.0   0.0   0.0 
946.0   100.0   4.63074023571e-13   2.10942374679e-15   6.09043926403e-11 
946.0   145.0   2.14273043753e-14   1.11022302463e-16   4.22684109935e-12 
946.0   190.0   4.20774526333e-14   1.11022302463e-16   7.58970664094e-12 
946.0   235.0   8.22453216642e-13   4.10782519111e-15   1.0019751695e-10 
946.0   280.0   1.94388949382e-12   1.09912079438e-14   2.11108575066e-10 
946.0   325.0   2.86770607261e-13   1.22124532709e-15   4.01989552756e-11 
946.0   370.0   1.47220080571e-09   2.14612771998e-11   6.45333032567e-08 
946.0   415.0   7.22082837967e-09   1.33180022566e-10   2.52903601949e-07 
946.0   460.0   8.84026037928e-08   2.38088648796e-09   2.15938183523e-06 
946.0   505.0   2.4323655301e-07   7.65847618656e-09   5.12214566428e-06 
946.0   550.0   4.15731839201e-05   3.00909852113e-06   0.000398543924965 
946.0   595.0   0.98601604775   0.665906344363   0.733056768826 
946.0   640.0   0.311167823432   0.356532059789   0.310439714602 
946.0   685.0   0.311167823432   0.356532059789   0.310439714602 
946.0   730.0   0.311167823432   0.356532059789   0.310439714602 
946.0   775.0   0.311167823432   0.356532059789   0.310439714602 
946.0   820.0   0.0   0.0   0.0 
946.0   865.0   0.0   0.0   0.0 
946.0   910.0   0.0   0.0   0.0 
946.0   955.0   0.0   0.0   0.0 
946.0   1000.0   0.0   0.0   0.0 
991.0   100.0   7.00322022595e-11   8.76854144849e-13   3.80220310792e-09 
991.0   145.0   2.68134403569e-11   2.94320123828e-13   1.65234192995e-09 
991.0   190.0   1.95355287502e-10   2.8179680811e-12   9.25574850097e-09 
991.0   235.0   2.74817280044e-10   4.15634193729e-12   1.24412046221e-08 
991.0   280.0   7.63820906524e-09   1.84480986043e-10   2.20605717915e-07 
991.0   325.0   4.38424134774e-08   1.36215660973e-09   9.94824935985e-07 
991.0   370.0   1.19406381893e-07   4.29534874336e-09   2.35507701862e-06 
991.0   415.0   2.17302493222e-07   8.53931558797e-09   3.93872344473e-06 
991.0   460.0   3.03356697384e-06   1.77415174774e-07   3.76326832131e-05 
991.0   505.0   1.04365949848e-05   7.39528772553e-07   0.000107871353791 
991.0   550.0   2.74336362741e-05   2.26563139238e-06   0.000245196924475 
991.0   595.0   0.00111097030128   0.000170442338758   0.00553555530777 
991.0   640.0   0.447018771141   0.653804118513   0.313624606017 
991.0   685.0   0.311167823432   0.343749255687   0.31064105192 
991.0   730.0   0.311167823432   0.343749255687   0.31064105192 
991.0   775.0   0.311167823432   0.343749255687   0.31064105192 
991.0   820.0   0.311167823432   0.343749255687   0.31064105192 
991.0   865.0   0.0   0.0   0.0 
991.0   910.0   0.0   0.0   0.0 
991.0   955.0   0.0   0.0   0.0 
991.0   1000.0   0.0   0.0   0.0 
1036.0   100.0   1.88468182616e-07   8.8491786121e-09   3.02491632875e-06 
1036.0   145.0   5.33316836249e-08   2.09557105002e-09   1.01586814416e-06 
1036.0   190.0   5.44887916343e-07   2.97775006874e-08   7.55928212248e-06 
1036.0   235.0   1.17443668346e-06   7.17200515643e-08   1.46466348377e-05 
1036.0   280.0   2.40440888655e-06   1.63031907974e-07   2.71242780746e-05 
1036.0   325.0   1.23202985169e-06   7.57626438253e-08   1.52626962251e-05 
1036.0   370.0   4.25431691375e-06   3.13784848216e-07   4.42789663122e-05 
1036.0   415.0   1.14791620782e-05   9.81868953698e-07   0.000103693492486 
1036.0   460.0   5.88861213811e-05   6.46605322907e-06   0.00041914287365 
1036.0   505.0   0.000112383225916   1.36523074242e-05   0.000726591146775 
1036.0   550.0   0.00192082909932   0.00037117449429   0.008001235064 
1036.0   595.0   0.00123502053999   0.00022144137362   0.00552085059938 
1036.0   640.0   0.0144185978933   0.00398971070679   0.0428929584393 
1036.0   685.0   0.762475517094   0.993063607073   0.565610374343 
1036.0   730.0   0.311167823432   0.334765499807   0.310784258388 
1036.0   775.0   0.311167823432   0.334765499807   0.310784258388 
1036.0   820.0   0.311167823432   0.334765499807   0.310784258388 
1036.0   865.0   0.311167823432   0.334765499807   0.310784258388 
1036.0   910.0   0.0   0.0   0.0 
1036.0   955.0   0.0   0.0   0.0 
1036.0   1000.0   0.0   0.0   0.0 
1081.0   100.0   7.62578450142e-06   7.09691607925e-07   6.58512630655e-05 
1081.0   145.0   7.11471327197e-06   6.5555849138e-07   6.20298637622e-05 
1081.0   190.0   7.62578450142e-06   7.09691607925e-07   6.58512630655e-05 
1081.0   235.0   1.93765151312e-05   2.06419409543e-06   0.000146952568933 
1081.0   280.0   0.000110264238063   1.52049369465e-05   0.000653034524277 
1081.0   325.0   7.10039010695e-05   9.16435676912e-06   0.000448001807135 
1081.0   370.0   0.000282250331636   4.49238043267e-05   0.00145752003795 
1081.0   415.0   0.000282250331636   4.49238043267e-05   0.00145752003795 
1081.0   460.0   0.000566628291074   0.000100520996884   0.00263847717929 
1081.0   505.0   0.000762082848676   0.000141665921405   0.0033941039901 
1081.0   550.0   0.00166705511521   0.000351326126894   0.00658989854146 
1081.0   595.0   0.00636258932835   0.00167541883759   0.0203714800952 
1081.0   640.0   0.0231280391414   0.00764466788836   0.0598086374402 
1081.0   685.0   0.0456648630843   0.0171334701663   0.104926410093 
1081.0   730.0   0.405252473257   0.551512751216   0.30376408237 
1081.0   775.0   0.311167823432   0.328424976485   0.310886230565 
1081.0   820.0   0.311167823432   0.328424976485   0.310886230565 
1081.0   865.0   0.311167823432   0.328424976485   0.310886230565 
1081.0   910.0   0.311167823432   0.328424976485   0.310886230565 
1081.0   955.0   0.0   0.0   0.0 
1081.0   1000.0   0.0   0.0   0.0 
1126.0   100.0   0.000812695487815   0.000167857009142   0.00335421389034 
1126.0   145.0   0.000261922248577   4.56219405779e-05   0.0012727810652 
1126.0   190.0   0.000701919405395   0.000141774789992   0.00295959393749 
1126.0   235.0   0.000793107688479   0.000163202250431   0.00328505570995 
1126.0   280.0   0.00075531382774   0.000154272077781   0.00315088496376 
1126.0   325.0   0.00156407759715   0.000357357468771   0.00586178066784 
1126.0   370.0   0.00189592600694   0.000446388836244   0.00690463815235 
1126.0   415.0   0.00425708956403   0.00113967482322   0.0137184571721 
1126.0   460.0   0.00128936125569   0.000285890439432   0.00497255318032 
1126.0   505.0   0.00800087846838   0.00237409350585   0.0233828052627 
1126.0   550.0   0.0105523519658   0.00327863899038   0.0295242272499 
1126.0   595.0   0.0395915372697   0.0154660988701   0.0892790238295 
1126.0   640.0   0.0395915372697   0.0154660988701   0.0892790238295 
1126.0   685.0   0.111607549482   0.0529256586686   0.21008734417 
1126.0   730.0   0.241037301134   0.133699773957   0.392880827871 
1126.0   775.0   0.273981279489   0.362081610004   0.215161789871 
1126.0   820.0   0.311167823432   0.323962456916   0.310958465819 
1126.0   865.0   0.311167823432   0.323962456916   0.310958465819 
1126.0   910.0   0.311167823432   0.323962456916   0.310958465819 
1126.0   955.0   0.311167823432   0.323962456916   0.310958465819 
1126.0   1000.0   0.0   0.0   0.0 
1171.0   100.0   0.00362541560427   0.00101749596835   0.0113778684985 
1171.0   145.0   0.00388993955019   0.0011036787451   0.0120816465998 
1171.0   190.0   0.00388993955019   0.0011036787451   0.0120816465998 
1171.0   235.0   0.00561864025142   0.00168808712704   0.0165215928829 
1171.0   280.0   0.00571738282665   0.00172245291868   0.0167681446596 
1171.0   325.0   0.00851540609854   0.00273216764267   0.0235179995407 
1171.0   370.0   0.0147045878541   0.00515250105521   0.0373453060085 
1171.0   415.0   0.0195746440016   0.00718933514424   0.0475427084118 
1171.0   460.0   0.0264092712226   0.0101967616918   0.0611755438299 
1171.0   505.0   0.0695998877023   0.0317900646849   0.137613252916 
1171.0   550.0   0.0316545579101   0.0126023320122   0.0712314308191 
1171.0   595.0   0.0741105295447   0.0342342888385   0.144990407919 
1171.0   640.0   0.125040428055   0.0635963427167   0.223599578615 
1171.0   685.0   0.192061318398   0.106093067851   0.318136557753 
1171.0   730.0   0.255496442625   0.149437103798   0.401522930843 
1171.0   775.0   0.444050309046   0.292081837755   0.627149924592 
1171.0   820.0   0.236581409115   0.301840893605   0.192204500017 
1171.0   865.0   0.311167823432   0.320677852448   0.311011887849 
1171.0   910.0   0.311167823432   0.320677852448   0.311011887849 
1171.0   955.0   0.311167823432   0.320677852448   0.311011887849 
1171.0   1000.0   0.311167823432   0.320677852448   0.311011887849 
1216.0   100.0   0.0314933406021   0.0131530189089   0.0685959880858 
1216.0   145.0   0.0245616657439   0.00985134781377   0.0555967305815 
1216.0   190.0   0.0307238571158   0.0127797849515   0.0671780539419 
1216.0   235.0   0.0200941633906   0.00780341933331   0.046905162028 
1216.0   280.0   0.0242565721473   0.00970934643271   0.0550118300612 
1216.0   325.0   0.0443929532499   0.0196242132971   0.0916178467412 
1216.0   370.0   0.0477455110761   0.0213652905576   0.0974045854031 
1216.0   415.0   0.0592986900276   0.0275257372159   0.116850977566 
1216.0   460.0   0.0412644404883   0.0180202205145   0.0861510640084 
1216.0   505.0   0.0835935425474   0.0411702427352   0.15577543134 
1216.0   550.0   0.0950326171236   0.0478696311244   0.173380578899 
1216.0   595.0   0.169480238013   0.0947918609764   0.280337469476 
1216.0   640.0   0.165768194827   0.092335073048   0.275250809079 
1216.0   685.0   0.242494663312   0.145163538347   0.37658521461 
1216.0   730.0   0.366846313758   0.238456530578   0.528110317318 
1216.0   775.0   0.496606551472   0.344010987801   0.67469016536 
1216.0   820.0   0.619967662723   0.451012730531   0.805986066757 
1216.0   865.0   0.191163339554   0.234241814249   0.161755193215 
1216.0   910.0   0.311167823432   0.318322228708   0.311050336089 
1216.0   955.0   0.311167823432   0.318322228708   0.311050336089 
1216.0   1000.0   0.311167823432   0.318322228708   0.311050336089 
1261.0   100.0   0.109750475464   0.0586934336172   0.191006228784 
1261.0   145.0   0.0814177780014   0.041385206066   0.148667692146 
1261.0   190.0   0.122811286242   0.0669674278947   0.209853963273 
1261.0   235.0   0.107858804569   0.0575095911491   0.188244530586 
1261.0   280.0   0.0913337913154   0.047335476685   0.163738100523 
1261.0   325.0   0.152014674419   0.0860509423381   0.250771508698 
1261.0   370.0   0.119676274143   0.0649658065352   0.20536369476 
1261.0   415.0   0.126021580018   0.0690270036017   0.214430997462 
1261.0   460.0   0.132674236427   0.0733261322717   0.223850568193 
1261.0   505.0   0.172438134396   0.0998284445278   0.278531478088 
1261.0   550.0   0.198550805041   0.117908401721   0.313157685224 
1261.0   595.0   0.222651068214   0.135020144987   0.344361101053 
1261.0   640.0   0.371248997871   0.24809285999   0.524722924412 
1261.0   685.0   0.406316838513   0.276420950148   0.564925718813 
1261.0   730.0   0.619416052721   0.459770936306   0.79544054442 
1261.0   775.0   0.5059192377   0.35983814602   0.675342358045 
1261.0   820.0   0.861212512748   0.688159913404   0.964605966685 
1261.0   865.0   0.938826655646   0.891736798916   0.779234007883 
1261.0   910.0   0.157783558744   0.185392679025   0.138903397759 
1261.0   955.0   0.311167823432   0.316574137035   0.311078942619 
1261.0   1000.0   0.311167823432   0.316574137035   0.311078942619 
1306.0   100.0   0.206290220889   0.1265703515   0.317717997752 
1306.0   145.0   0.169780813663   0.10069044945   0.269988648197 
1306.0   190.0   0.260466701526   0.166595998768   0.385811098685 
1306.0   235.0   0.297214141068   0.194722666681   0.430467438494 
1306.0   280.0   0.219480862433   0.13614628791   0.334573225495 
1306.0   325.0   0.295451467129   0.193356734777   0.428350449812 
1306.0   370.0   0.300766651378   0.197480566208   0.434726732477 
1306.0   415.0   0.366942519018   0.250018318785   0.512415317691 
1306.0   460.0   0.307981228746   0.203101756652   0.443347047518 
1306.0   505.0   0.330519976215   0.22083442864   0.470030909826 
1306.0   550.0   0.328589589179   0.21930566225   0.467759690681 
1306.0   595.0   0.457391391832   0.325095491076   0.61424018349 
1306.0   640.0   0.377637512486   0.258706767092   0.524699632738 
1306.0   685.0   0.544281259822   0.400400784419   0.708171013565 
1306.0   730.0   0.611009143128   0.460173240618   0.778113981355 
1306.0   775.0   0.784227271399   0.622569199614   0.952218188394 
1306.0   820.0   0.873652016967   0.710247467439   0.961539628958 
1306.0   865.0   0.953605955514   0.886630728436   0.800936966422 
1306.0   910.0   0.685012471127   0.821252564008   0.564760174953 
1306.0   955.0   0.150081600813   0.172305673126   0.134442717437 
1306.0   1000.0   0.311167823432   0.315264677496   0.311100413189 
1351.0   100.0   0.502489874654   0.369826967503   0.656349705434 
1351.0   145.0   0.410392343239   0.290773533982   0.555308344152 
1351.0   190.0   0.492191670813   0.360821401642   0.645249126735 
1351.0   235.0   0.435717408365   0.312170921408   0.583506235316 
1351.0   280.0   0.445063862971   0.320134716634   0.593830299511 
1351.0   325.0   0.458419789969   0.331576137123   0.608508695775 
1351.0   370.0   0.456492333798   0.329920558276   0.606395718311 
1351.0   415.0   0.502489874654   0.369826967503   0.656349705434 
1351.0   460.0   0.581651589385   0.44036282136   0.740197059868 
1351.0   505.0   0.610025430701   0.466189078576   0.769655152683 
1351.0   550.0   0.593352286934   0.450979079229   0.752380994828 
1351.0   595.0   0.654468301177   0.507194658978   0.815216014233 
1351.0   640.0   0.586311028154   0.444584681522   0.745055085517 
1351.0   685.0   0.778246195944   0.624800952211   0.938709692242 
1351.0   730.0   0.821701423284   0.667228801701   0.980983980189 
1351.0   775.0   0.999459797551   0.846648188076   0.851233067619 
1351.0   820.0   0.987392073345   0.860284246073   0.839126968086 
1351.0   865.0   0.855555583728   0.999729450093   0.719849743608 
1351.0   910.0   0.712121383409   0.843000144908   0.594141843239 
1351.0   955.0   0.599454608224   0.71540762339   0.49812065976 
1351.0   1000.0   0.124697263899   0.137146712781   0.11614588254 
1396.0   100.0   0.721266258984   0.576667285192   0.875879325805 
1396.0   145.0   0.729590419256   0.584644072091   0.884152313463 
1396.0   190.0   0.719195265159   0.574686011547   0.873817879 
1396.0   235.0   0.700737786859   0.557086509743   0.85538872997 
1396.0   280.0   0.725420308648   0.580645334415   0.880010393961 
1396.0   325.0   0.765680617448   0.619471387931   0.919788174717 
1396.0   370.0   0.787442967602   0.640660879139   0.94109889015 
1396.0   415.0   0.836677553638   0.689113616572   0.988838851192 
1396.0   460.0   0.787442967602   0.640660879139   0.94109889015 
1396.0   505.0   0.845825572936   0.698193928552   0.997639071198 
1396.0   550.0   0.864298477207   0.716603368939   0.98465545594 
1396.0   595.0   0.938024460257   0.791039050392   0.91483008578 
1396.0   640.0   0.994777468061   0.849369334564   0.861949199398 
1396.0   685.0   0.994777468061   0.849369334564   0.861949199398 
1396.0   730.0   0.992276194745   0.846779902103   0.864264507135 
1396.0   775.0   0.868879679762   0.9930786326   0.737765306973 
1396.0   820.0   0.807865163533   0.941000756916   0.683412322885 
1396.0   865.0   0.743460857264   0.870349646408   0.62680677906 
1396.0   910.0   0.614025807502   0.725055802924   0.515293663777 
1396.0   955.0   0.595250736838   0.703613948193   0.499356065965 
1396.0   1000.0   0.456121027182   0.541820353436   0.383010648658 
1441.0   100.0   0.949684315173   0.809369305136   0.909501807759 
1441.0   145.0   0.983893461433   0.84459032268   0.877579704214 
1441.0   190.0   0.99350046538   0.854536845055   0.868660659768 
1441.0   235.0   0.949684315173   0.809369305136   0.909501807759 
1441.0   280.0   0.967643008383   0.895012135737   0.832786049002 
1441.0   325.0   0.994913410683   0.866564533713   0.857930428184 
1441.0   370.0   0.971558458288   0.890915804849   0.836386722158 
1441.0   415.0   0.967643008383   0.895012135737   0.832786049002 
1441.0   460.0   0.94203987617   0.921895609164   0.809318787424 
1441.0   505.0   0.963721170717   0.899119124643   0.829182674644 
1441.0   550.0   0.841411392345   0.970820510735   0.718343015048 
1441.0   595.0   0.822999304975   0.950913313083   0.701906045876 
1441.0   640.0   0.835282422689   0.964203319777   0.712864535261 
1441.0   685.0   0.839369366004   0.968616871127   0.716516939164 
1441.0   730.0   0.730060747185   0.84913274639   0.619872818575 
1441.0   775.0   0.750807143753   0.872039659002   0.638052400472 
1441.0   820.0   0.680182536604   0.793623120345   0.576466807078 
1441.0   865.0   0.62206552277   0.728168145091   0.526411498929 
1441.0   910.0   0.574625742695   0.674121020193   0.485952407276 
1441.0   955.0   0.509500379004   0.599023783703   0.430971311338 
1441.0   1000.0   0.3605235663   0.423345315214   0.307461039958 
1486.0   100.0   0.870882049535   0.996783146542   0.749383286021 
1486.0   145.0   0.842645642474   0.966444186659   0.72397417475 
1486.0   190.0   0.796767744082   0.916742262488   0.682994264232 
1486.0   235.0   0.807879779597   0.928826652096   0.692885953623 
1486.0   280.0   0.807879779597   0.928826652096   0.692885953623 
1486.0   325.0   0.796767744082   0.916742262488   0.682994264232 
1486.0   370.0   0.790408500274   0.909813329553   0.677343056805 
1486.0   415.0   0.784042806046   0.902867739438   0.671693111386 
1486.0   460.0   0.756925523958   0.873172472508   0.647702471553 
1486.0   505.0   0.799944830257   0.9202003611   0.685820241156 
1486.0   550.0   0.72812707717   0.841445900499   0.622360033053 
1486.0   595.0   0.705690627817   0.816592885652   0.602710984368 
1486.0   640.0   0.718514219062   0.830812151001   0.613931354989 
1486.0   685.0   0.647984929766   0.752130359473   0.552545850502 
1486.0   730.0   0.686448529836   0.795184203734   0.585924473909 
1486.0   775.0   0.625593005642   0.726907497812   0.533220335176 
1486.0   820.0   0.52588015173   0.6131805342   0.448071711108 
1486.0   865.0   0.598484417376   0.696215993566   0.509926249031 
1486.0   910.0   0.473291628261   0.552283152138   0.40373337915 
1486.0   955.0   0.391145382381   0.455911632895   0.335200319634 
1486.0   1000.0   0.37382880162   0.43540592224   0.320859162615 
