272.0   0.0   0.0   0.0   0.0 
272.0   15.0   0.0   0.0   0.0 
272.0   30.0   0.0   0.0   0.0 
272.0   45.0   0.0   0.0   0.0 
272.0   60.0   0.0   0.0   0.0 
272.0   75.0   0.0   0.0   0.0 
272.0   90.0   0.0   0.0   0.0 
272.0   105.0   0.0   0.0   0.0 
272.0   120.0   0.0   0.0   0.0 
272.0   135.0   0.0   0.0   0.0 
272.0   150.0   0.0   0.0   0.0 
272.0   165.0   0.0   0.0   0.0 
272.0   180.0   0.0   0.0   0.0 
272.0   195.0   0.0   0.0   0.0 
272.0   210.0   0.0   0.0   0.0 
272.0   225.0   0.0   0.0   0.0 
272.0   240.0   0.0   0.0   0.0 
272.0   255.0   0.0   0.0   0.0 
272.0   270.0   0.0   0.0   0.0 
272.0   285.0   0.0   0.0   0.0 
272.0   300.0   0.0   0.0   0.0 
287.0   0.0   0.0   0.0   0.0 
287.0   15.0   0.0   0.0   0.0 
287.0   30.0   0.0   0.0   0.0 
287.0   45.0   0.0   0.0   0.0 
287.0   60.0   0.0   0.0   0.0 
287.0   75.0   0.0   0.0   0.0 
287.0   90.0   0.0   0.0   0.0 
287.0   105.0   0.0   0.0   0.0 
287.0   120.0   0.0   0.0   0.0 
287.0   135.0   0.0   0.0   0.0 
287.0   150.0   0.0   0.0   0.0 
287.0   165.0   0.0   0.0   0.0 
287.0   180.0   0.0   0.0   0.0 
287.0   195.0   0.0   0.0   0.0 
287.0   210.0   0.0   0.0   0.0 
287.0   225.0   0.0   0.0   0.0 
287.0   240.0   0.0   0.0   0.0 
287.0   255.0   0.0   0.0   0.0 
287.0   270.0   0.0   0.0   0.0 
287.0   285.0   0.0   0.0   0.0 
287.0   300.0   0.0   0.0   0.0 
302.0   0.0   0.0   0.0   0.0 
302.0   15.0   0.0   0.0   0.0 
302.0   30.0   0.0   0.0   0.0 
302.0   45.0   0.0   0.0   0.0 
302.0   60.0   0.0   0.0   0.0 
302.0   75.0   0.0   0.0   0.0 
302.0   90.0   0.0   0.0   0.0 
302.0   105.0   0.0   0.0   0.0 
302.0   120.0   0.0   0.0   0.0 
302.0   135.0   0.0   0.0   0.0 
302.0   150.0   0.0   0.0   0.0 
302.0   165.0   0.0   0.0   0.0 
302.0   180.0   0.0   0.0   0.0 
302.0   195.0   0.0   0.0   0.0 
302.0   210.0   0.0   0.0   0.0 
302.0   225.0   0.0   0.0   0.0 
302.0   240.0   0.0   0.0   0.0 
302.0   255.0   0.0   0.0   0.0 
302.0   270.0   0.0   0.0   0.0 
302.0   285.0   0.0   0.0   0.0 
302.0   300.0   0.0   0.0   0.0 
317.0   0.0   0.0   0.0   0.0 
317.0   15.0   0.0   0.0   0.0 
317.0   30.0   0.0   0.0   0.0 
317.0   45.0   0.0   0.0   0.0 
317.0   60.0   0.0   0.0   0.0 
317.0   75.0   0.0   0.0   0.0 
317.0   90.0   0.0   0.0   0.0 
317.0   105.0   0.0   0.0   0.0 
317.0   120.0   0.0   0.0   0.0 
317.0   135.0   0.0   0.0   0.0 
317.0   150.0   0.0   0.0   0.0 
317.0   165.0   0.0   0.0   0.0 
317.0   180.0   0.0   0.0   0.0 
317.0   195.0   0.0   0.0   0.0 
317.0   210.0   0.0   0.0   0.0 
317.0   225.0   0.0   0.0   0.0 
317.0   240.0   0.0   0.0   0.0 
317.0   255.0   0.0   0.0   0.0 
317.0   270.0   0.0   0.0   0.0 
317.0   285.0   0.0   0.0   0.0 
317.0   300.0   0.0   0.0   0.0 
332.0   0.0   0.0   0.0   3.38951089418e-13 
332.0   15.0   0.0   0.0   0.0 
332.0   30.0   0.0   0.0   0.0 
332.0   45.0   0.0   0.0   0.0 
332.0   60.0   0.0   0.0   0.0 
332.0   75.0   0.0   0.0   0.0 
332.0   90.0   0.0   0.0   0.0 
332.0   105.0   0.0   0.0   0.0 
332.0   120.0   0.0   0.0   0.0 
332.0   135.0   0.0   0.0   0.0 
332.0   150.0   0.0   0.0   0.0 
332.0   165.0   0.0   0.0   0.0 
332.0   180.0   0.0   0.0   0.0 
332.0   195.0   0.0   0.0   0.0 
332.0   210.0   0.0   0.0   0.0 
332.0   225.0   0.0   0.0   0.0 
332.0   240.0   0.0   0.0   0.0 
332.0   255.0   0.0   0.0   0.0 
332.0   270.0   0.0   0.0   0.0 
332.0   285.0   0.0   0.0   0.0 
332.0   300.0   0.0   0.0   0.0 
347.0   0.0   0.0   0.0   0.0 
347.0   15.0   0.0   0.0   1.12132525487e-14 
347.0   30.0   1.11022302463e-16   0.0   8.66862137627e-13 
347.0   45.0   0.0   0.0   0.0 
347.0   60.0   0.0   0.0   0.0 
347.0   75.0   0.0   0.0   0.0 
347.0   90.0   0.0   0.0   0.0 
347.0   105.0   0.0   0.0   0.0 
347.0   120.0   0.0   0.0   0.0 
347.0   135.0   0.0   0.0   0.0 
347.0   150.0   0.0   0.0   0.0 
347.0   165.0   0.0   0.0   0.0 
347.0   180.0   0.0   0.0   0.0 
347.0   195.0   0.0   0.0   0.0 
347.0   210.0   0.0   0.0   0.0 
347.0   225.0   0.0   0.0   0.0 
347.0   240.0   0.0   0.0   0.0 
347.0   255.0   0.0   0.0   0.0 
347.0   270.0   0.0   0.0   0.0 
347.0   285.0   0.0   0.0   0.0 
347.0   300.0   0.0   0.0   0.0 
362.0   0.0   0.0   0.0   0.0 
362.0   15.0   0.0   0.0   4.4408920985e-16 
362.0   30.0   0.0   0.0   6.46149800332e-14 
362.0   45.0   0.0   0.0   8.65973959208e-15 
362.0   60.0   0.0   0.0   6.66133814775e-16 
362.0   75.0   0.0   0.0   0.0 
362.0   90.0   0.0   0.0   0.0 
362.0   105.0   0.0   0.0   0.0 
362.0   120.0   0.0   0.0   0.0 
362.0   135.0   0.0   0.0   0.0 
362.0   150.0   0.0   0.0   0.0 
362.0   165.0   0.0   0.0   0.0 
362.0   180.0   0.0   0.0   0.0 
362.0   195.0   0.0   0.0   0.0 
362.0   210.0   0.0   0.0   0.0 
362.0   225.0   0.0   0.0   0.0 
362.0   240.0   0.0   0.0   0.0 
362.0   255.0   0.0   0.0   0.0 
362.0   270.0   0.0   0.0   0.0 
362.0   285.0   0.0   0.0   0.0 
362.0   300.0   0.0   0.0   0.0 
377.0   0.0   0.0   0.0   0.0 
377.0   15.0   0.0   0.0   0.0 
377.0   30.0   0.0   0.0   6.60582699652e-14 
377.0   45.0   4.55191440096e-15   0.0   1.17229559393e-11 
377.0   60.0   0.0   0.0   4.41868763801e-14 
377.0   75.0   0.0   0.0   1.96509475359e-14 
377.0   90.0   1.86517468137e-14   0.0   3.79957176833e-11 
377.0   105.0   1.11022302463e-16   0.0   3.29403171406e-13 
377.0   120.0   0.0   0.0   0.0 
377.0   135.0   0.0   0.0   0.0 
377.0   150.0   0.0   0.0   0.0 
377.0   165.0   0.0   0.0   0.0 
377.0   180.0   0.0   0.0   0.0 
377.0   195.0   0.0   0.0   0.0 
377.0   210.0   0.0   0.0   0.0 
377.0   225.0   0.0   0.0   0.0 
377.0   240.0   0.0   0.0   0.0 
377.0   255.0   0.0   0.0   0.0 
377.0   270.0   0.0   0.0   0.0 
377.0   285.0   0.0   0.0   0.0 
377.0   300.0   0.0   0.0   0.0 
392.0   0.0   0.0   0.0   0.0 
392.0   15.0   0.0   0.0   1.1990408666e-14 
392.0   30.0   6.43929354283e-15   0.0   1.10315090396e-11 
392.0   45.0   0.0   0.0   3.21964677141e-15 
392.0   60.0   6.66133814775e-16   0.0   1.60604862742e-12 
392.0   75.0   2.99760216649e-15   0.0   5.81557024759e-12 
392.0   90.0   6.17728090901e-13   2.22044604925e-16   4.8942849773e-10 
392.0   105.0   2.99760216649e-15   0.0   5.81557024759e-12 
392.0   120.0   1.11022302463e-16   0.0   4.39981384659e-13 
392.0   135.0   0.0   0.0   0.0 
392.0   150.0   0.0   0.0   0.0 
392.0   165.0   0.0   0.0   0.0 
392.0   180.0   0.0   0.0   0.0 
392.0   195.0   0.0   0.0   0.0 
392.0   210.0   0.0   0.0   0.0 
392.0   225.0   0.0   0.0   0.0 
392.0   240.0   0.0   0.0   0.0 
392.0   255.0   0.0   0.0   0.0 
392.0   270.0   0.0   0.0   0.0 
392.0   285.0   0.0   0.0   0.0 
392.0   300.0   0.0   0.0   0.0 
407.0   0.0   0.0   0.0   1.14463993839e-13 
407.0   15.0   1.11022302463e-16   0.0   2.54463117244e-13 
407.0   30.0   8.43769498715e-15   0.0   1.01714192624e-11 
407.0   45.0   1.38000721961e-13   1.11022302463e-16   1.05004782647e-10 
407.0   60.0   7.43849426499e-14   0.0   6.26745322307e-11 
407.0   75.0   4.0170089477e-12   2.99760216649e-15   1.74047898316e-09 
407.0   90.0   2.55573340269e-13   1.11022302463e-16   1.7563894783e-10 
407.0   105.0   7.43849426499e-14   0.0   6.26745322307e-11 
407.0   120.0   1.18516307879e-12   6.66133814775e-16   6.30847041272e-10 
407.0   135.0   2.15383266777e-14   0.0   2.22234453062e-11 
407.0   150.0   0.0   0.0   0.0 
407.0   165.0   0.0   0.0   0.0 
407.0   180.0   0.0   0.0   0.0 
407.0   195.0   0.0   0.0   0.0 
407.0   210.0   0.0   0.0   0.0 
407.0   225.0   0.0   0.0   0.0 
407.0   240.0   0.0   0.0   0.0 
407.0   255.0   0.0   0.0   0.0 
407.0   270.0   0.0   0.0   0.0 
407.0   285.0   0.0   0.0   0.0 
407.0   300.0   0.0   0.0   0.0 
422.0   0.0   2.22044604925e-16   0.0   4.13780121278e-13 
422.0   15.0   9.54791801178e-15   0.0   8.5254026061e-12 
422.0   30.0   4.24105195407e-13   3.33066907388e-16   2.06969885674e-10 
422.0   45.0   1.7812751274e-11   2.5202062659e-14   4.71508876387e-09 
422.0   60.0   7.77156117238e-16   0.0   9.86433157379e-13 
422.0   75.0   1.62675095616e-10   3.42614825399e-13   2.96848281511e-08 
422.0   90.0   5.45008482788e-13   4.4408920985e-16   2.5546154081e-10 
422.0   105.0   1.085986856e-11   1.40998324127e-14   3.12074799336e-09 
422.0   120.0   1.27390653581e-10   2.56572540991e-13   2.42317322874e-08 
422.0   135.0   6.10375894272e-09   2.52400322864e-11   5.93729885368e-07 
422.0   150.0   2.91829893584e-11   4.50750547998e-14   7.11432435185e-09 
422.0   165.0   0.0   0.0   0.0 
422.0   180.0   0.0   0.0   0.0 
422.0   195.0   0.0   0.0   0.0 
422.0   210.0   0.0   0.0   0.0 
422.0   225.0   0.0   0.0   0.0 
422.0   240.0   0.0   0.0   0.0 
422.0   255.0   0.0   0.0   0.0 
422.0   270.0   0.0   0.0   0.0 
422.0   285.0   0.0   0.0   0.0 
422.0   300.0   0.0   0.0   0.0 
437.0   0.0   1.57651669497e-14   0.0   1.01179065126e-11 
437.0   15.0   1.28234867169e-10   3.55049323275e-13   1.98409927377e-08 
437.0   30.0   4.4408920985e-14   0.0   2.43901565611e-11 
437.0   45.0   1.8168799798e-12   2.44249065418e-15   5.58586621402e-10 
437.0   60.0   1.39414035871e-11   2.63122856836e-14   3.09542014243e-09 
437.0   75.0   2.09083861336e-11   4.22994972382e-14   4.3483425749e-09 
437.0   90.0   2.07792771878e-09   9.44599953812e-12   2.01967103708e-07 
437.0   105.0   1.01425740695e-07   9.51311140973e-10   5.01652519536e-06 
437.0   120.0   1.14857845457e-09   4.69158045746e-12   1.23396604157e-07 
437.0   135.0   8.37517822871e-08   7.57227058834e-10   4.28616724701e-06 
437.0   150.0   5.7049599933e-08   4.79371098372e-10   3.12549353676e-06 
437.0   165.0   6.74887067453e-07   9.16663123185e-09   2.36780807665e-05 
437.0   180.0   0.0   0.0   0.0 
437.0   195.0   0.0   0.0   0.0 
437.0   210.0   0.0   0.0   0.0 
437.0   225.0   0.0   0.0   0.0 
437.0   240.0   0.0   0.0   0.0 
437.0   255.0   0.0   0.0   0.0 
437.0   270.0   0.0   0.0   0.0 
437.0   285.0   0.0   0.0   0.0 
437.0   300.0   0.0   0.0   0.0 
452.0   0.0   7.59725615751e-12   1.72084568817e-14   1.53639323486e-09 
452.0   15.0   7.69384556065e-14   1.11022302463e-16   3.14805959079e-11 
452.0   30.0   3.86857212931e-12   7.88258347484e-15   8.6901186247e-10 
452.0   45.0   9.97202320718e-13   1.66533453694e-15   2.76170863955e-10 
452.0   60.0   1.2586154341e-11   3.0975222387e-14   2.35206643051e-09 
452.0   75.0   8.04167288315e-10   3.99824617858e-12   7.73508915808e-08 
452.0   90.0   1.31567245987e-09   7.12574443895e-12   1.16765362934e-07 
452.0   105.0   6.71144650966e-09   4.843447865e-11   4.5488798972e-07 
452.0   120.0   7.45349342246e-08   8.32028224096e-10   3.3580938561e-06 
452.0   135.0   5.42196936237e-08   5.70814728817e-10   2.5802606467e-06 
452.0   150.0   4.2185302862e-07   6.51530307483e-09   1.40413914385e-05 
452.0   165.0   2.25371660223e-07   3.09161707346e-09   8.37733403836e-06 
452.0   180.0   6.7325482711e-07   1.13693876536e-08   2.06228496238e-05 
452.0   195.0   0.0   0.0   0.0 
452.0   210.0   0.0   0.0   0.0 
452.0   225.0   0.0   0.0   0.0 
452.0   240.0   0.0   0.0   0.0 
452.0   255.0   0.0   0.0   0.0 
452.0   270.0   0.0   0.0   0.0 
452.0   285.0   0.0   0.0   0.0 
452.0   300.0   0.0   0.0   0.0 
467.0   0.0   5.63782354135e-11   2.27595720048e-13   7.04962688225e-09 
467.0   15.0   1.15895715247e-09   7.72903963053e-12   9.01227081851e-08 
467.0   30.0   1.48357437446e-10   7.0199401847e-13   1.59583772863e-08 
467.0   45.0   3.92877563815e-09   3.22500914862e-11   2.51137103002e-07 
467.0   60.0   3.35319920719e-08   3.996665221e-10   1.5089761638e-06 
467.0   75.0   1.50681686018e-08   1.56068380441e-10   7.7378065233e-07 
467.0   90.0   4.99228506312e-08   6.38477937187e-10   2.10268918621e-06 
467.0   105.0   4.07026629845e-07   7.60499652142e-09   1.20182977063e-05 
467.0   120.0   2.79241176138e-06   7.48331957512e-08   5.88959497252e-05 
467.0   135.0   1.00523504831e-06   2.22100574598e-08   2.53797195578e-05 
467.0   150.0   6.75249370785e-06   2.14541029719e-07   0.00012158096991 
467.0   165.0   3.16989072857e-06   8.70336137604e-08   6.5366583454e-05 
467.0   180.0   8.83931763451e-07   1.9066427881e-08   2.28229645669e-05 
467.0   195.0   1.11289723518e-05   3.8994299445e-07   0.000182997778781 
467.0   210.0   0.0   0.0   0.0 
467.0   225.0   0.0   0.0   0.0 
467.0   240.0   0.0   0.0   0.0 
467.0   255.0   0.0   0.0   0.0 
467.0   270.0   0.0   0.0   0.0 
467.0   285.0   0.0   0.0   0.0 
467.0   300.0   0.0   0.0   0.0 
482.0   0.0   2.39801511981e-10   1.51734180776e-12   2.07274388764e-08 
482.0   15.0   5.76346959047e-09   6.15033579621e-11   3.03578734484e-07 
482.0   30.0   2.46364653123e-08   3.360975942e-10   1.02893379017e-06 
482.0   45.0   1.86546167402e-09   1.65013558373e-11   1.1735318528e-07 
482.0   60.0   6.44852804488e-09   7.01213531684e-11   3.33669831321e-07 
482.0   75.0   5.15071829632e-09   5.39401856514e-11   2.76173918623e-07 
482.0   90.0   2.46364653123e-08   3.360975942e-10   1.02893379017e-06 
482.0   105.0   4.2693134028e-07   9.5797590971e-09   1.11618660867e-05 
482.0   120.0   1.01043996725e-06   2.64735435795e-08   2.28437103231e-05 
482.0   135.0   6.12203977668e-06   2.23673573219e-07   0.000101427212229 
482.0   150.0   2.60963509998e-05   1.25823951302e-06   0.000334017359475 
482.0   165.0   6.12203977668e-06   2.23673573219e-07   0.000101427212229 
482.0   180.0   5.88386318994e-05   3.32929064206e-06   0.000649309291921 
482.0   195.0   3.20136351477e-05   1.60637902602e-06   0.000394864894103 
482.0   210.0   8.375542635e-06   3.24656716177e-07   0.000131318126926 
482.0   225.0   0.0   0.0   0.0 
482.0   240.0   0.0   0.0   0.0 
482.0   255.0   0.0   0.0   0.0 
482.0   270.0   0.0   0.0   0.0 
482.0   285.0   0.0   0.0   0.0 
482.0   300.0   0.0   0.0   0.0 
497.0   0.0   8.67019662731e-08   1.72745739935e-09   2.64882051793e-06 
497.0   15.0   4.49066117403e-07   1.1861189364e-08   1.05141928187e-05 
497.0   30.0   1.96748951575e-08   3.05793390609e-10   7.60352423246e-07 
497.0   45.0   5.46543411639e-08   1.00739783182e-09   1.79726177785e-06 
497.0   60.0   7.02328828428e-09   9.2129082141e-11   3.18776601227e-07 
497.0   75.0   1.011371355e-06   3.07901596441e-08   2.0715848412e-05 
497.0   90.0   7.90704868248e-08   1.55104840083e-09   2.45151913769e-06 
497.0   105.0   3.52169127116e-06   1.33923925061e-07   5.8533943775e-05 
497.0   120.0   9.2531179281e-06   4.19649871741e-07   0.00013040936602 
497.0   135.0   7.05657604017e-07   2.01669860811e-08   1.53398518389e-05 
497.0   150.0   2.9503114215e-06   1.0867350031e-07   5.05261879233e-05 
497.0   165.0   3.67840300936e-05   2.1602306608e-06   0.0004073299276 
497.0   180.0   0.00010133386004   7.23738643371e-06   0.000935595070238 
497.0   195.0   0.000321826757386   2.89413227595e-05   0.00240127250432 
497.0   210.0   0.000482540754619   4.71429166671e-05   0.00333595037029 
497.0   225.0   0.000213751658226   1.76990791583e-05   0.00172113837762 
497.0   240.0   0.0   0.0   0.0 
497.0   255.0   0.0   0.0   0.0 
497.0   270.0   0.0   0.0   0.0 
497.0   285.0   0.0   0.0   0.0 
497.0   300.0   0.0   0.0   0.0 
512.0   0.0   3.92872659516e-07   1.16303262576e-08   8.57437001778e-06 
512.0   15.0   7.21296333772e-08   1.6096550759e-09   2.05746659176e-06 
512.0   30.0   5.75187381946e-07   1.8163578086e-08   1.18095658864e-05 
512.0   45.0   6.20638624493e-07   1.98540285323e-08   1.25879111973e-05 
512.0   60.0   1.56394944884e-07   3.96719956886e-09   3.95076860138e-06 
512.0   75.0   1.56394944884e-07   3.96719956886e-09   3.95076860138e-06 
512.0   90.0   1.06092624506e-05   5.57309988491e-07   0.000134865403752 
512.0   105.0   1.05501417758e-06   3.69541099943e-08   1.96409543129e-05 
512.0   120.0   7.9758614828e-05   6.07434908251e-06   0.0007163224312 
512.0   135.0   4.37858031765e-06   1.9647387739e-07   6.45446314707e-05 
512.0   150.0   6.92233846674e-05   5.13304183036e-06   0.000637378881472 
512.0   165.0   0.000452067633034   4.81930679449e-05   0.00297134071188 
512.0   180.0   0.000344129614483   3.47536512542e-05   0.00237798852132 
512.0   195.0   0.000553997133782   6.15105287148e-05   0.00350706004925 
512.0   210.0   0.000592698403697   6.67066383914e-05   0.00370535661812 
512.0   225.0   0.00195355627949   0.000281053939106   0.00974567104579 
512.0   240.0   0.00183048440457   0.000259763988152   0.00924698134534 
512.0   255.0   0.0   0.0   0.0 
512.0   270.0   0.0   0.0   0.0 
512.0   285.0   0.0   0.0   0.0 
512.0   300.0   0.0   0.0   0.0 
527.0   0.0   2.78230050865e-06   1.29393795678e-07   4.09136114918e-05 
527.0   15.0   1.36509945903e-07   3.84650278296e-09   3.22830323718e-06 
527.0   30.0   6.44444530296e-07   2.34298810353e-08   1.19642686616e-05 
527.0   45.0   3.81043252184e-06   1.87001162e-07   5.32555035314e-05 
527.0   60.0   1.32226894788e-05   8.0549886472e-07   0.000150725169015 
527.0   75.0   3.11506780555e-05   2.20978801013e-06   0.00030771907559 
527.0   90.0   2.29703313248e-05   1.54308032074e-06   0.00023882532268 
527.0   105.0   3.7368972117e-05   2.73913580451e-06   0.000357974660935 
527.0   120.0   5.05445736884e-05   3.91302944858e-06   0.000459998440512 
527.0   135.0   0.000109945429523   9.81636918862e-06   0.000875576375122 
527.0   150.0   9.19936942525e-05   7.94713273899e-06   0.000755548892968 
527.0   165.0   0.00098780229212   0.000134385706151   0.00531820840717 
527.0   180.0   0.00019820651517   1.97585173171e-05   0.00142418074627 
527.0   195.0   0.00130605795968   0.000187896968706   0.00667804041501 
527.0   210.0   0.000933866560573   0.000125637334831   0.00507997445643 
527.0   225.0   0.00855322171223   0.00182495787844   0.0304897713805 
527.0   240.0   0.0122334042676   0.00282572727179   0.0405857243141 
527.0   255.0   0.0257237219046   0.00704575028461   0.0732215803271 
527.0   270.0   0.0   0.0   0.0 
527.0   285.0   0.0   0.0   0.0 
527.0   300.0   0.0   0.0   0.0 
542.0   0.0   8.52883908886e-06   5.31351148525e-07   9.77590254657e-05 
542.0   15.0   2.18077802815e-05   1.5966439213e-06   0.000214614016797 
542.0   30.0   1.23072927275e-05   8.16345064436e-07   0.000132952745389 
542.0   45.0   7.45261556691e-05   6.77575302288e-06   0.000598154226959 
542.0   60.0   4.77368280571e-06   2.69576275191e-07   6.00486195934e-05 
542.0   75.0   2.41843605939e-05   1.80278275819e-06   0.000233998531975 
542.0   90.0   0.000183782753647   1.96759982453e-05   0.00126544806519 
542.0   105.0   0.000100880111739   9.68440335025e-06   0.000769369684252 
542.0   120.0   0.000490374711715   6.30202090527e-05   0.00284703334662 
542.0   135.0   0.000540216161092   7.07094012663e-05   0.00308333182326 
542.0   150.0   0.000832436940158   0.000118339114759   0.00439993711609 
542.0   165.0   0.00153944491599   0.000246667112706   0.00728245004048 
542.0   180.0   0.0018554975885   0.000308486013588   0.00848307252745 
542.0   195.0   0.00281187983653   0.000508037501738   0.0119058345401 
542.0   210.0   0.00554082014659   0.00115041097301   0.0206478148132 
542.0   225.0   0.0116668378151   0.00283713397021   0.0376378060787 
542.0   240.0   0.00722837636509   0.0015868118652   0.0255977379078 
542.0   255.0   0.0248718177253   0.00715275523818   0.0689476008409 
542.0   270.0   0.0229049606553   0.00646545215105   0.0645695692622 
542.0   285.0   0.0   0.0   0.0 
542.0   300.0   0.0   0.0   0.0 
557.0   0.0   0.00018751735998   2.17451830918e-05   0.00122347552818 
557.0   15.0   0.000273737526211   3.39815784108e-05   0.00167540009046 
557.0   30.0   3.50973738262e-05   3.03435619409e-06   0.000301995828232 
557.0   45.0   3.66635029388e-05   3.19361075618e-06   0.000313244357189 
557.0   60.0   0.00039822444673   5.29276971828e-05   0.00228631021343 
557.0   75.0   0.000251739896868   3.07808899271e-05   0.00156281668727 
557.0   90.0   7.02755459108e-05   6.85143067103e-06   0.00053984381729 
557.0   105.0   0.000679965891837   9.97619360487e-05   0.00355932514467 
557.0   120.0   0.000285428785625   3.57024568229e-05   0.00173458637157 
557.0   135.0   0.00152422741489   0.000260486460085   0.00692181027819 
557.0   150.0   0.00201197785611   0.000362751005336   0.00869384572739 
557.0   165.0   0.00146464387477   0.000248398189745   0.00669862988213 
557.0   180.0   0.00201197785611   0.000362751005336   0.00869384572739 
557.0   195.0   0.00347706348966   0.000697882381605   0.0136046725532 
557.0   210.0   0.00744277942178   0.00174187708642   0.0252812704733 
557.0   225.0   0.00665065063428   0.00152100084769   0.0230739492695 
557.0   240.0   0.0124815936844   0.00325335319003   0.0384182643344 
557.0   255.0   0.0324576870242   0.0104141083908   0.0827503378686 
557.0   270.0   0.0303008010836   0.00957368240307   0.0783292840494 
557.0   285.0   0.0593063410692   0.0218480926141   0.133600098197 
557.0   300.0   0.0   0.0   0.0 
572.0   0.0   8.70515016841e-05   9.48288649394e-06   0.000614274149205 
572.0   15.0   0.000421335618732   6.05076942642e-05   0.0022914314408 
572.0   30.0   0.000736481765837   0.000117001377599   0.00364346130719 
572.0   45.0   0.000340985486509   4.71523063724e-05   0.00192150040929 
572.0   60.0   0.000597929503492   9.14585771105e-05   0.00306494263405 
572.0   75.0   0.00115183214131   0.000198663044737   0.00527649888267 
572.0   90.0   0.000379091924251   5.34216606844e-05   0.00209863085366 
572.0   105.0   0.00141296320458   0.000253137225682   0.00624717457388 
572.0   120.0   0.000789246617796   0.000126978350023   0.00385856342528 
572.0   135.0   0.0060492990598   0.00143297363448   0.0206365095784 
572.0   150.0   0.00514946578738   0.00118164618301   0.0180904334989 
572.0   165.0   0.00295344873824   0.000608338410984   0.0114677687495 
572.0   180.0   0.00348261110756   0.000740475662301   0.0131297965796 
572.0   195.0   0.00858573026728   0.00218121888392   0.0274600150805 
572.0   210.0   0.016982004469   0.00496249216994   0.0477731555914 
572.0   225.0   0.0203615198344   0.00618147113829   0.0553209723777 
572.0   240.0   0.0356758072661   0.0122196859013   0.0868749956914 
572.0   255.0   0.076050054931   0.0308946859654   0.158894249737 
572.0   270.0   0.0516836009098   0.0192216429923   0.116859652248 
572.0   285.0   0.0645579862597   0.0252536335552   0.139510127394 
572.0   300.0   0.0423907517438   0.0150824493447   0.0997443493277 
587.0   0.0   0.00220391177544   0.000452735503413   0.00870451249021 
587.0   15.0   0.00208153732542   0.000423096589532   0.0083028383727 
587.0   30.0   0.00103953220817   0.000186125226092   0.00466934949581 
587.0   45.0   0.000924527497097   0.000162075105795   0.00423588970113 
587.0   60.0   0.00100954467767   0.000179804197125   0.00455717114987 
587.0   75.0   0.00127497191871   0.000236877862675   0.00553177081619 
587.0   90.0   0.0016544107072   0.000322347851733   0.00686537389744 
587.0   105.0   0.00484169345563   0.00115353009606   0.0166566921889 
587.0   120.0   0.00261407004274   0.000554314277619   0.0100229978382 
587.0   135.0   0.00421449266148   0.000977855737618   0.0148601473364 
587.0   150.0   0.00511680176165   0.00123205904044   0.0174308454661 
587.0   165.0   0.00276643949926   0.00059286697038   0.0105030146503 
587.0   180.0   0.0121574590995   0.00346815474419   0.0354075128586 
587.0   195.0   0.0226843564424   0.00734732853324   0.0588011572946 
587.0   210.0   0.0257550009776   0.00856516503933   0.0651696724892 
587.0   225.0   0.0525990843587   0.0203784292264   0.115871339708 
587.0   240.0   0.0477783850589   0.0181260972713   0.107266678262 
587.0   255.0   0.0551724088741   0.0216008154637   0.120395724675 
587.0   270.0   0.085960257103   0.037167157949   0.171588892995 
587.0   285.0   0.18435900369   0.0954545050928   0.313766088469 
587.0   300.0   0.102998749213   0.0464234805191   0.198123217311 
602.0   0.0   0.00327335789196   0.000757789538934   0.0117096244478 
602.0   15.0   0.00805229909297   0.00220755656317   0.0246076801901 
602.0   30.0   0.00343513385021   0.000802350265761   0.012186563543 
602.0   45.0   0.00369227325694   0.000874001507393   0.0129364694021 
602.0   60.0   0.00396782987906   0.000951852289141   0.0137297298948 
602.0   75.0   0.00360457309641   0.000849453271384   0.0126817940393 
602.0   90.0   0.00566826263402   0.0014536418743   0.0184305345499 
602.0   105.0   0.007167612987   0.00192179173746   0.0223611493865 
602.0   120.0   0.00580352156745   0.00149496721585   0.0187923452525 
602.0   135.0   0.00652734644182   0.00171925080726   0.0207032650469 
602.0   150.0   0.00946680773192   0.00267741999546   0.0281071493713 
602.0   165.0   0.0182430218204   0.00586891599812   0.0480886933378 
602.0   180.0   0.0264889617407   0.00918842701146   0.0651590162927 
602.0   195.0   0.0276604628636   0.00968007857927   0.0674916127362 
602.0   210.0   0.0613328204826   0.0253750032046   0.128509301775 
602.0   225.0   0.0357623307885   0.0131969621036   0.0831328375004 
602.0   240.0   0.0860814506083   0.0383586374394   0.168694503957 
602.0   255.0   0.0827654130474   0.0365612716598   0.163469603749 
602.0   270.0   0.112801141368   0.0534111746343   0.20936394481 
602.0   285.0   0.138668971546   0.0688442980956   0.24675072262 
602.0   300.0   0.202495507142   0.109933139545   0.33298152656 
617.0   0.0   0.0107890424918   0.00324766142239   0.0305432844875 
617.0   15.0   0.00385771270871   0.000959199505501   0.0130526626894 
617.0   30.0   0.00669020977548   0.00184072024727   0.0205925579303 
617.0   45.0   0.0064257896817   0.00175476493402   0.0199174679764 
617.0   60.0   0.0086789661375   0.00250708880841   0.025528772066 
617.0   75.0   0.0086789661375   0.00250708880841   0.025528772066 
617.0   90.0   0.00977579248402   0.00288809503668   0.0281603321089 
617.0   105.0   0.012136342321   0.00373615953171   0.0336488598731 
617.0   120.0   0.0189201302807   0.00634719931292   0.0484465553309 
617.0   135.0   0.0286126310448   0.0104185332782   0.0679381620872 
617.0   150.0   0.0141814760824   0.00449832181391   0.0382437769507 
617.0   165.0   0.020414837634   0.00695158638497   0.0515589187828 
617.0   180.0   0.0420037173027   0.016533807366   0.0928623401546 
617.0   195.0   0.0451327393779   0.0180303038517   0.0984407225398 
617.0   210.0   0.0397892649013   0.0154891337304   0.0888643457124 
617.0   225.0   0.0950128730654   0.0444486313125   0.1795931397 
617.0   240.0   0.0802921919608   0.0362161757224   0.156846062196 
617.0   255.0   0.121594877788   0.0600647149459   0.218880750381 
617.0   270.0   0.232970142921   0.133650143097   0.36724025222 
617.0   285.0   0.243445068923   0.141132009223   0.380235080037 
617.0   300.0   0.183206885049   0.0993356285573   0.303533162386 
632.0   0.0   0.0296325823773   0.0111877790296   0.0686025780442 
632.0   15.0   0.0225229536223   0.00806017722704   0.054785875192 
632.0   30.0   0.0149108336825   0.00493075181566   0.0390254704788 
632.0   45.0   0.0167536704341   0.00566420269725   0.0429562710023 
632.0   60.0   0.0256430792695   0.00941112444073   0.0609385330295 
632.0   75.0   0.0164778841882   0.00555337268763   0.0423733292073 
632.0   90.0   0.0221589015197   0.00790491990516   0.0540578385568 
632.0   105.0   0.0197605989099   0.006895306092   0.0492031458385 
632.0   120.0   0.0111991865645   0.00350921468639   0.0308170481046 
632.0   135.0   0.0375841747802   0.0148742964951   0.0833199514746 
632.0   150.0   0.056168280512   0.0241107155122   0.115586863703 
632.0   165.0   0.0412841513472   0.0166486418538   0.0899561776536 
632.0   180.0   0.0336553963194   0.0130300913557   0.0761324500231 
632.0   195.0   0.0520464795942   0.021995984897   0.108640642824 
632.0   210.0   0.12885505807   0.0659321127271   0.22615360969 
632.0   225.0   0.115200421849   0.057525333573   0.206671963986 
632.0   240.0   0.158288073638   0.084756505476   0.266731346941 
632.0   255.0   0.115200421849   0.057525333573   0.206671963986 
632.0   270.0   0.173893035102   0.0950935665774   0.287572784968 
632.0   285.0   0.21176881143   0.12110813809   0.336550202439 
632.0   300.0   0.300747085185   0.186702785689   0.444633768633 
647.0   0.0   0.0226915278745   0.00836364382501   0.0541160388236 
647.0   15.0   0.0217523539202   0.00795343946706   0.0522638758762 
647.0   30.0   0.0378436759074   0.0153934143953   0.082385338984 
647.0   45.0   0.0308258921396   0.0120486257298   0.0696250256394 
647.0   60.0   0.0368294692397   0.0149015315153   0.0805710697308 
647.0   75.0   0.0325688648773   0.0128661380426   0.0728414544314 
647.0   90.0   0.0279824189712   0.0107351276579   0.0643026480966 
647.0   105.0   0.034402777651   0.013735964984   0.0761907319125 
647.0   120.0   0.0404929575497   0.0166909946051   0.0870815233152 
647.0   135.0   0.0353551436118   0.0141914544043   0.0779166031515 
647.0   150.0   0.0919398913585   0.0447226319757   0.16990954139 
647.0   165.0   0.0579836328481   0.0256682959174   0.116782388739 
647.0   180.0   0.0760684973752   0.0355823440466   0.145677071152 
647.0   195.0   0.0732066256809   0.0339758515564   0.141204286061 
647.0   210.0   0.113436093371   0.0576649068639   0.201423377047 
647.0   225.0   0.15304402276   0.0829549638723   0.256475800911 
647.0   240.0   0.192807194803   0.109941203161   0.308770625234 
647.0   255.0   0.15851861116   0.0865815023878   0.263833242444 
647.0   270.0   0.2771992152   0.171581838423   0.412722356223 
647.0   285.0   0.268461064195   0.164952996431   0.402321778882 
647.0   300.0   0.321025451485   0.205605554574   0.463836195266 
662.0   0.0   0.109337082379   0.0562259054457   0.193130957615 
662.0   15.0   0.0639235503178   0.0294887266685   0.124697705125 
662.0   30.0   0.0545397646174   0.024383501181   0.109503083982 
662.0   45.0   0.0668614060116   0.0311207500196   0.129363583173 
662.0   60.0   0.0683756618302   0.0319678985246   0.131752878988 
662.0   75.0   0.0469690246516   0.0203943468705   0.0968756246654 
662.0   90.0   0.0617974546314   0.0283173897958   0.121295126208 
662.0   105.0   0.0862460159223   0.042250030955   0.159234548316 
662.0   120.0   0.0853083300608   0.0416981833823   0.15782247778 
662.0   135.0   0.10365582894   0.0527214372786   0.184936557669 
662.0   150.0   0.0722977259068   0.0341803920828   0.13789417644 
662.0   165.0   0.100373815824   0.0507158958239   0.180161781279 
662.0   180.0   0.128058807411   0.0680525834502   0.219555153565 
662.0   195.0   0.216039708192   0.128409294464   0.334876859323 
662.0   210.0   0.165490145177   0.0928456361011   0.27016282367 
662.0   225.0   0.140587420892   0.0761894781749   0.236795814494 
662.0   240.0   0.276240366254   0.173407034137   0.40786398262 
662.0   255.0   0.281383261869   0.177370952388   0.413929216419 
662.0   270.0   0.302724394011   0.194008081409   0.438844849026 
662.0   285.0   0.2866025122   0.181411949563   0.420059793135 
662.0   300.0   0.334131576389   0.219023144983   0.474822907045 
677.0   0.0   0.110424800036   0.0579169263774   0.192490146962 
677.0   15.0   0.0951370363252   0.0484227665728   0.170454283998 
677.0   30.0   0.113521153078   0.0598758817381   0.196877475001 
677.0   45.0   0.0865657384655   0.043237424882   0.157798564403 
677.0   60.0   0.101577963351   0.0523857583183   0.179817392974 
677.0   75.0   0.100634782451   0.0518019917041   0.178453761477 
677.0   90.0   0.122154199472   0.0653982720711   0.2089870592 
677.0   105.0   0.136180162517   0.0745514642687   0.228305124837 
677.0   120.0   0.0825443692174   0.040841164826   0.151777647648 
677.0   135.0   0.122154199472   0.0653982720711   0.2089870592 
677.0   150.0   0.171430096728   0.0984541032555   0.275193228136 
677.0   165.0   0.123272779131   0.0661201676752   0.210543389144 
677.0   180.0   0.215977181297   0.130276382689   0.331711233584 
677.0   195.0   0.236706359854   0.145630753603   0.357159869239 
677.0   210.0   0.212375014064   0.127642102172   0.327237858156 
677.0   225.0   0.252787163083   0.157762426171   0.376578660417 
677.0   240.0   0.207065683763   0.123778204867   0.320615418208 
677.0   255.0   0.267577223912   0.169082810184   0.394208599565 
677.0   270.0   0.336396024555   0.223654100756   0.473706497647 
677.0   285.0   0.3186357093   0.209285477537   0.45355712789 
677.0   300.0   0.430513195952   0.302798325383   0.576925362411 
692.0   0.0   0.135706056782   0.0753986098484   0.225394869111 
692.0   15.0   0.148987861729   0.0843611668552   0.243220150763 
692.0   30.0   0.174932772979   0.102366919122   0.277160832922 
692.0   45.0   0.124447029493   0.0679473022302   0.210012713066 
692.0   60.0   0.236705709303   0.147566878908   0.354193232875 
692.0   75.0   0.178936502783   0.10520069445   0.282304887039 
692.0   90.0   0.191416653232   0.114123557743   0.298193216033 
692.0   105.0   0.204622181329   0.123707696954   0.314777514481 
692.0   120.0   0.180288241673   0.106160630058   0.284036353372 
692.0   135.0   0.16462691212   0.0951390399969   0.263808695111 
692.0   150.0   0.229976783464   0.142498066629   0.346022733656 
692.0   165.0   0.282497647654   0.182912288092   0.408594394367 
692.0   180.0   0.238412986111   0.148858242614   0.356258589149 
692.0   195.0   0.292458773511   0.190787586025   0.42017478592 
692.0   210.0   0.30269719014   0.198948151174   0.431991257007 
692.0   225.0   0.306871077057   0.202293839501   0.436784131854 
692.0   240.0   0.328423754266   0.219739730982   0.461318326631 
692.0   255.0   0.377488826634   0.260467616855   0.515937373135 
692.0   270.0   0.448423636579   0.321644697946   0.592278956505 
692.0   285.0   0.431882100436   0.307148664635   0.574727458202 
692.0   300.0   0.434607919289   0.309528049614   0.577629676719 
