100.0   0.0   1.0   0.0   1.0 
100.0   50.0   1.0   0.0   1.0 
100.0   100.0   1.0   0.0   1.0 
100.0   150.0   0.0   0.0   0.0 
100.0   200.0   0.0   0.0   0.0 
100.0   250.0   0.0   0.0   0.0 
100.0   300.0   0.0   0.0   0.0 
100.0   350.0   0.0   0.0   0.0 
100.0   400.0   0.0   0.0   0.0 
100.0   450.0   0.0   0.0   0.0 
100.0   500.0   0.0   0.0   0.0 
150.0   0.0   0.277210952457   7.29790191722e-07   0.670440452593 
150.0   50.0   1.0   1.78598470346e-07   nan 
150.0   100.0   1.0   1.78598470346e-07   nan 
150.0   150.0   1.0   1.78598470346e-07   nan 
150.0   200.0   0.0   0.0   0.0 
150.0   250.0   0.0   0.0   0.0 
150.0   300.0   0.0   0.0   0.0 
150.0   350.0   0.0   0.0   0.0 
150.0   400.0   0.0   0.0   0.0 
150.0   450.0   0.0   0.0   0.0 
150.0   500.0   0.0   0.0   0.0 
200.0   0.0   1.0   0.00204681000539   1.0 
200.0   50.0   1.0   0.00204681000539   1.0 
200.0   100.0   1.0   0.00204681000539   1.0 
200.0   150.0   1.0   0.00204681000539   1.0 
200.0   200.0   1.0   0.00204681000539   1.0 
200.0   250.0   0.0   0.0   0.0 
200.0   300.0   0.0   0.0   0.0 
200.0   350.0   0.0   0.0   0.0 
200.0   400.0   0.0   0.0   0.0 
200.0   450.0   0.0   0.0   0.0 
200.0   500.0   0.0   0.0   0.0 
250.0   0.0   1.0   0.0424801474198   nan 
250.0   50.0   1.0   0.0424801474198   nan 
250.0   100.0   1.0   0.0424801474198   nan 
250.0   150.0   1.0   0.0424801474198   nan 
250.0   200.0   1.0   0.0424801474198   nan 
250.0   250.0   1.0   0.0424801474198   nan 
250.0   300.0   0.0   0.0   0.0 
250.0   350.0   0.0   0.0   0.0 
250.0   400.0   0.0   0.0   0.0 
250.0   450.0   0.0   0.0   0.0 
250.0   500.0   0.0   0.0   0.0 
300.0   0.0   1.0   0.153681102633   nan 
300.0   50.0   1.0   0.153681102633   nan 
300.0   100.0   0.47845257355   0.175243249392   0.680899511995 
300.0   150.0   1.0   0.153681102633   nan 
300.0   200.0   1.0   0.153681102633   nan 
300.0   250.0   1.0   0.153681102633   nan 
300.0   300.0   1.0   0.153681102633   nan 
300.0   350.0   0.0   0.0   0.0 
300.0   400.0   0.0   0.0   0.0 
300.0   450.0   0.0   0.0   0.0 
300.0   500.0   0.0   0.0   0.0 
350.0   0.0   0.616035520773   0.358617864324   0.76599184501 
350.0   50.0   0.616035520773   0.358617864324   0.76599184501 
350.0   100.0   0.315358518053   0.089943147368   0.538524384853 
350.0   150.0   0.315358518053   0.089943147368   0.538524384853 
350.0   200.0   1.0   0.293899263766   1.0 
350.0   250.0   1.0   0.293899263766   1.0 
350.0   300.0   1.0   0.293899263766   1.0 
350.0   350.0   1.0   0.293899263766   1.0 
350.0   400.0   0.0   0.0   0.0 
350.0   450.0   0.0   0.0   0.0 
350.0   500.0   0.0   0.0   0.0 
400.0   0.0   0.418756619923   0.245110458898   0.565480616704 
400.0   50.0   0.708977742088   0.506976850518   0.822502716739 
400.0   100.0   0.587038333205   0.393521729803   0.720193914755 
400.0   150.0   0.445343477712   0.197415890637   0.640132048568 
400.0   200.0   0.186200430827   0.0657934209405   0.342200417995 
400.0   250.0   1.0   0.4249657288   nan 
400.0   300.0   1.0   0.4249657288   nan 
400.0   350.0   1.0   0.4249657288   nan 
400.0   400.0   1.0   0.4249657288   nan 
400.0   450.0   0.0   0.0   0.0 
400.0   500.0   0.0   0.0   0.0 
450.0   0.0   1.0   0.534260127205   1.0 
450.0   50.0   0.773865210672   0.616015280337   0.861908346127 
450.0   100.0   0.679040883617   0.524152791504   0.782561257494 
450.0   150.0   1.0   0.534260127205   1.0 
450.0   200.0   0.40045991518   0.213624484042   0.567412992363 
450.0   250.0   0.552154024172   0.315333218564   0.715712651993 
450.0   300.0   0.17386674625   0.196843331039   0.166573369377 
450.0   350.0   1.0   0.534260127205   1.0 
450.0   400.0   1.0   0.534260127205   1.0 
450.0   450.0   1.0   0.534260127205   1.0 
450.0   500.0   0.0   0.0   0.0 
500.0   0.0   0.820655225826   0.695658335633   0.890374427268 
500.0   50.0   0.820655225826   0.695658335633   0.890374427268 
500.0   100.0   1.0   0.621458033294   1.0 
500.0   150.0   0.63667746929   0.425022868932   0.772315787631 
500.0   200.0   0.820655225826   0.695658335633   0.890374427268 
500.0   250.0   0.63667746929   0.425022868932   0.772315787631 
500.0   300.0   0.820655225826   0.695658335633   0.890374427268 
500.0   350.0   1.0   0.621458033294   1.0 
500.0   400.0   1.0   0.621458033294   1.0 
500.0   450.0   1.0   0.621458033294   1.0 
500.0   500.0   1.0   0.621458033294   1.0 
550.0   0.0   0.509258076443   0.358314937249   0.63533961748 
550.0   50.0   0.795201556435   0.695911138525   0.861023740335 
550.0   100.0   0.589968043723   0.42540333142   0.71397865324 
550.0   150.0   0.795201556435   0.695911138525   0.861023740335 
550.0   200.0   0.703168109028   0.519873684838   0.815436663812 
550.0   250.0   0.166982078652   0.175910407808   0.164046456891 
550.0   300.0   1.0   0.690379834625   1.0 
550.0   350.0   0.703168109028   0.519873684838   0.815436663812 
550.0   400.0   0.166982078652   0.175910407808   0.164046456891 
550.0   450.0   1.0   0.690379834625   1.0 
550.0   500.0   1.0   0.690379834625   1.0 
600.0   0.0   1.0   0.744833247118   1.0 
600.0   50.0   0.755548924217   0.599028344643   0.848751134718 
600.0   100.0   1.0   0.744833247118   1.0 
600.0   150.0   0.589720373851   0.45294304123   0.698415073819 
600.0   200.0   0.659728046414   0.514886186815   0.764589122012 
600.0   250.0   1.0   0.744833247118   1.0 
600.0   300.0   1.0   0.744833247118   1.0 
600.0   350.0   0.755548924217   0.599028344643   0.848751134718 
600.0   400.0   0.755548924217   0.599028344643   0.848751134718 
600.0   450.0   1.0   0.744833247118   1.0 
600.0   500.0   1.0   0.744833247118   1.0 
650.0   0.0   0.797119442339   0.664165104741   0.874868459982 
650.0   50.0   0.797119442339   0.664165104741   0.874868459982 
650.0   100.0   0.716185422022   0.590743939496   0.804695838714 
650.0   150.0   0.716185422022   0.590743939496   0.804695838714 
650.0   200.0   0.797119442339   0.664165104741   0.874868459982 
650.0   250.0   1.0   0.78812726445   1.0 
650.0   300.0   1.0   0.78812726445   1.0 
650.0   350.0   1.0   0.78812726445   1.0 
650.0   400.0   1.0   0.78812726445   1.0 
650.0   450.0   1.0   0.78812726445   1.0 
650.0   500.0   0.164419876674   0.168396972523   0.163094048821 
700.0   0.0   0.83058288152   0.717844564954   0.895726369041 
700.0   50.0   0.83058288152   0.717844564954   0.895726369041 
700.0   100.0   0.859477153406   0.804049106805   0.899138199393 
700.0   150.0   1.0   0.82301914702   1.0 
700.0   200.0   0.918990056149   0.862994836553   0.9504000946 
700.0   250.0   0.918990056149   0.862994836553   0.9504000946 
700.0   300.0   1.0   0.82301914702   1.0 
700.0   350.0   1.0   0.82301914702   1.0 
700.0   400.0   0.885347397231   0.830126468415   0.922083522348 
700.0   450.0   0.83058288152   0.717844564954   0.895726369041 
700.0   500.0   1.0   0.82301914702   1.0 
