200.0   200.0   0.768034298432   0.0   nan 
200.0   300.0   0.0   0.0   0.0 
200.0   400.0   0.0   0.0   0.0 
200.0   500.0   0.0   0.0   0.0 
200.0   600.0   0.0   0.0   0.0 
200.0   700.0   0.0   0.0   0.0 
200.0   800.0   0.0   0.0   0.0 
200.0   900.0   0.0   0.0   0.0 
200.0   1000.0   0.0   0.0   0.0 
200.0   1100.0   0.0   0.0   0.0 
200.0   1200.0   0.0   0.0   0.0 
300.0   200.0   0.0   0.0   0.0 
300.0   300.0   0.768034298432   0.0   nan 
300.0   400.0   0.0   0.0   0.0 
300.0   500.0   0.0   0.0   0.0 
300.0   600.0   0.0   0.0   0.0 
300.0   700.0   0.0   0.0   0.0 
300.0   800.0   0.0   0.0   0.0 
300.0   900.0   0.0   0.0   0.0 
300.0   1000.0   0.0   0.0   0.0 
300.0   1100.0   0.0   0.0   0.0 
300.0   1200.0   0.0   0.0   0.0 
400.0   200.0   0.0   0.0   0.0 
400.0   300.0   6.17950135506e-13   0.0   2.70434163951e-09 
400.0   400.0   0.768034298432   2.45684916855e-10   0.802233989249 
400.0   500.0   0.0   0.0   0.0 
400.0   600.0   0.0   0.0   0.0 
400.0   700.0   0.0   0.0   0.0 
400.0   800.0   0.0   0.0   0.0 
400.0   900.0   0.0   0.0   0.0 
400.0   1000.0   0.0   0.0   0.0 
400.0   1100.0   0.0   0.0   0.0 
400.0   1200.0   0.0   0.0   0.0 
500.0   200.0   0.0   0.0   0.0 
500.0   300.0   0.0   0.0   0.0 
500.0   400.0   1.03202530042e-05   1.39185018622e-07   0.000265487192988 
500.0   500.0   0.768034298432   1.07056196069e-05   0.790886776499 
500.0   600.0   0.0   0.0   0.0 
500.0   700.0   0.0   0.0   0.0 
500.0   800.0   0.0   0.0   0.0 
500.0   900.0   0.0   0.0   0.0 
500.0   1000.0   0.0   0.0   0.0 
500.0   1100.0   0.0   0.0   0.0 
500.0   1200.0   0.0   0.0   0.0 
600.0   200.0   0.0   0.0   0.0 
600.0   300.0   0.0   0.0   0.0 
600.0   400.0   0.0   0.0   2.22044604925e-16 
600.0   500.0   0.0369939692998   0.00803265449044   0.109383903217 
600.0   600.0   0.768034298432   0.0443611472144   0.778291613434 
600.0   700.0   0.0   0.0   0.0 
600.0   800.0   0.0   0.0   0.0 
600.0   900.0   0.0   0.0   0.0 
600.0   1000.0   0.0   0.0   0.0 
600.0   1100.0   0.0   0.0   0.0 
600.0   1200.0   0.0   0.0   0.0 
700.0   200.0   0.0   0.0   0.0 
700.0   300.0   0.0   0.0   0.0 
700.0   400.0   0.0   0.0   1.88737914186e-15 
700.0   500.0   1.29137829319e-08   2.85455770133e-10   3.76922828282e-07 
700.0   600.0   0.418247130579   0.28905748359   0.533711399269 
700.0   700.0   0.768034298432   0.196891867168   0.774663016488 
700.0   800.0   0.0   0.0   0.0 
700.0   900.0   0.0   0.0   0.0 
700.0   1000.0   0.0   0.0   0.0 
700.0   1100.0   0.0   0.0   0.0 
700.0   1200.0   0.0   0.0   0.0 
800.0   200.0   1.28785870857e-14   2.22044604925e-16   7.4795725169e-13 
800.0   300.0   1.86739512742e-13   3.5527136788e-15   8.20721268724e-12 
800.0   400.0   1.69786407156e-11   5.02375918643e-13   4.72777705873e-10 
800.0   500.0   4.77859496417e-09   2.47264431152e-10   7.49383084475e-08 
800.0   600.0   0.000226457620409   4.32011741761e-05   0.00098108589972 
800.0   700.0   0.78992989411   0.749161220638   0.811331801206 
800.0   800.0   0.768034298432   0.72041701142   0.768741623798 
800.0   900.0   0.0   0.0   0.0 
800.0   1000.0   0.0   0.0   0.0 
800.0   1100.0   0.0   0.0   0.0 
800.0   1200.0   0.0   0.0   0.0 
900.0   200.0   3.46726751754e-08   3.4911658009e-09   3.13408049735e-07 
900.0   300.0   6.15714219609e-08   6.57993348696e-09   5.23510203854e-07 
900.0   400.0   2.95027538955e-07   3.77564892684e-08   2.1011134933e-06 
900.0   500.0   1.09147023697e-06   1.58296409203e-07   6.82014830666e-06 
900.0   600.0   0.000165765854818   4.29334547268e-05   0.000581175701721 
900.0   700.0   0.0358580629212   0.0188321738997   0.0629729202669 
900.0   800.0   0.81848692586   0.810720358033   0.819493216871 
900.0   900.0   0.768034298432   0.592488932937   0.77024953 
900.0   1000.0   0.0   0.0   0.0 
900.0   1100.0   0.0   0.0   0.0 
900.0   1200.0   0.0   0.0   0.0 
1000.0   200.0   0.000196584241624   6.20958742837e-05   0.000591995645709 
1000.0   300.0   0.00018989748591   5.97742964044e-05   0.000573947965747 
1000.0   400.0   0.00028249575825   9.27939623898e-05   0.000817732764359 
1000.0   500.0   0.000604027610441   0.000215443443219   0.00160876549698 
1000.0   600.0   0.00126251784546   0.000488079515653   0.00310002047918 
1000.0   700.0   0.00966839212463   0.00482378261096   0.0184720764369 
1000.0   800.0   0.155382100178   0.113041432615   0.205660282439 
1000.0   900.0   0.803083277031   0.801984290829   0.801386102403 
1000.0   1000.0   0.768034298432   0.73848914611   0.768489315622 
1000.0   1100.0   0.0   0.0   0.0 
1000.0   1200.0   0.0   0.0   0.0 
1100.0   200.0   0.00738633859171   0.0038364962634   0.0138074016916 
1100.0   300.0   0.00726719311505   0.00376684960926   0.0136126595729 
1100.0   400.0   0.00957383885945   0.00513249295299   0.0173474713617 
1100.0   500.0   0.0122976146413   0.00678501400508   0.0216512365253 
1100.0   600.0   0.0161643964754   0.00921003274521   0.0275595097411 
1100.0   700.0   0.0313782429813   0.019394481449   0.0493597998332 
1100.0   800.0   0.0859594123853   0.060566535555   0.118969572251 
1100.0   900.0   0.356444515881   0.309417920075   0.40437468116 
1100.0   1000.0   0.794060979376   0.796477133915   0.790810060333 
1100.0   1100.0   0.768034298432   0.731313938398   0.76859226257 
1100.0   1200.0   0.0   0.0   0.0 
1200.0   200.0   0.0790223416156   0.0569984745213   0.107760067209 
1200.0   300.0   0.0718435657647   0.0511663579589   0.0991864423559 
1200.0   400.0   0.077656822773   0.0558358632474   0.106209757205 
1200.0   500.0   0.0935175774448   0.068848277516   0.124971748796 
1200.0   600.0   0.0930502791375   0.0684137641103   0.124486136875 
1200.0   700.0   0.111484038564   0.083873334581   0.145829692629 
1200.0   800.0   0.149415855067   0.116896332833   0.188160776681 
1200.0   900.0   0.231563312332   0.192097474241   0.27548160466 
1200.0   1000.0   0.522337000775   0.488845562833   0.55449819251 
1200.0   1100.0   0.787724370073   0.790175943042   0.784973992112 
1200.0   1200.0   0.768034298432   0.756804114976   0.768214587155 
1300.0   200.0   0.223804326363   0.187701363142   0.264374891251 
1300.0   300.0   0.246785679544   0.20978650278   0.287768469161 
1300.0   400.0   0.245339644075   0.208316745417   0.286379999186 
1300.0   500.0   0.230951258659   0.194398294761   0.271832243109 
1300.0   600.0   0.238323292879   0.201528529352   0.279282957763 
1300.0   700.0   0.242663162935   0.20549566529   0.283917144059 
1300.0   800.0   0.285016475238   0.246768110428   0.326448323318 
1300.0   900.0   0.314094651396   0.275341811513   0.355423427241 
1300.0   1000.0   0.416521736151   0.379488417496   0.454195788489 
1300.0   1100.0   0.623602737635   0.60254707003   0.643394244871 
1300.0   1200.0   0.783046899444   0.785370343346   0.780683110771 
1400.0   200.0   0.417711352758   0.383994429347   0.452403676863 
1400.0   300.0   0.412462282701   0.378432833858   0.447533000122 
1400.0   400.0   0.407239273673   0.373059065374   0.442539964081 
1400.0   500.0   0.423916208189   0.3904809236   0.458243271516 
1400.0   600.0   0.426797760673   0.393355758171   0.461078226126 
1400.0   700.0   0.436977945786   0.403949414062   0.470704919789 
1400.0   800.0   0.4492565958   0.416690689694   0.482348022271 
1400.0   900.0   0.469766218345   0.438418627223   0.501400138927 
1400.0   1000.0   0.496179566072   0.466377539703   0.525972413914 
1400.0   1100.0   0.571602042492   0.54748663017   0.595098865228 
1400.0   1200.0   0.693125526374   0.682115261485   0.703414037275 
