200.0   200.0   0.755297190312 
200.0   280.0   0.755297190312 
200.0   360.0   0.755297190312 
200.0   440.0   0.0 
200.0   520.0   0.755297190312 
200.0   600.0   2.23952810741e-08 
200.0   680.0   0.755297190312 
200.0   760.0   0.755297190312 
200.0   840.0   0.222562410588 
200.0   920.0   0.755297190312 
200.0   1000.0   0.627282027104 
200.0   1080.0   0.755297190312 
200.0   1160.0   0.817826659792 
200.0   1240.0   0.866136714853 
200.0   1320.0   0.755297190312 
200.0   1400.0   0.922518761739 
200.0   1480.0   0.755297190312 
200.0   1560.0   0.755297190312 
200.0   1640.0   0.755297190312 
200.0   1720.0   0.946310139894 
200.0   1800.0   0.956926817407 
200.0   1880.0   0.980069640032 
200.0   1960.0   0.98381045279 
200.0   2040.0   0.986786743205 
200.0   2120.0   0.989199121394 
200.0   2200.0   0.991156428233 
280.0   200.0   0.0 
280.0   280.0   0.755297190312 
280.0   360.0   0.755297190312 
280.0   440.0   0.755297190312 
280.0   520.0   0.755297190312 
280.0   600.0   0.755297190312 
280.0   680.0   0.000762435024243 
280.0   760.0   0.755297190312 
280.0   840.0   0.755297190312 
280.0   920.0   0.755297190312 
280.0   1000.0   0.755297190312 
280.0   1080.0   0.744104741692 
280.0   1160.0   0.713511076425 
280.0   1240.0   0.794748533431 
280.0   1320.0   0.899196591625 
280.0   1400.0   0.755297190312 
280.0   1480.0   0.889670699627 
280.0   1560.0   0.952250607665 
280.0   1640.0   0.945550994529 
280.0   1720.0   0.969461477837 
280.0   1800.0   0.755297190312 
280.0   1880.0   0.755297190312 
280.0   1960.0   0.755297190312 
280.0   2040.0   0.981286262062 
280.0   2120.0   0.755297190312 
280.0   2200.0   0.755297190312 
360.0   200.0   0.0 
360.0   280.0   0.0 
360.0   360.0   0.755297190312 
360.0   440.0   0.755297190312 
360.0   520.0   0.755297190312 
360.0   600.0   0.0 
360.0   680.0   0.000762435024243 
360.0   760.0   0.0428114636927 
360.0   840.0   0.222562410588 
360.0   920.0   0.0759082591735 
360.0   1000.0   0.410037741954 
360.0   1080.0   0.755297190312 
360.0   1160.0   0.817826659792 
360.0   1240.0   0.755297190312 
360.0   1320.0   0.899196591625 
360.0   1400.0   0.922518761739 
360.0   1480.0   0.939453752236 
360.0   1560.0   0.931291827972 
360.0   1640.0   0.755297190312 
360.0   1720.0   0.755297190312 
360.0   1800.0   0.755297190312 
360.0   1880.0   0.755297190312 
360.0   1960.0   0.977054374683 
360.0   2040.0   0.986786743205 
360.0   2120.0   0.755297190312 
360.0   2200.0   0.991156428233 
440.0   200.0   0.0 
440.0   280.0   0.0 
440.0   360.0   0.0 
440.0   440.0   0.755297190312 
440.0   520.0   0.755297190312 
440.0   600.0   0.755297190312 
440.0   680.0   0.755297190312 
440.0   760.0   0.755297190312 
440.0   840.0   0.755297190312 
440.0   920.0   0.755297190312 
440.0   1000.0   0.627282027104 
440.0   1080.0   0.744104741692 
440.0   1160.0   0.540880330463 
440.0   1240.0   0.755297190312 
440.0   1320.0   0.849015925462 
440.0   1400.0   0.922518761739 
440.0   1480.0   0.755297190312 
440.0   1560.0   0.931291827972 
440.0   1640.0   0.961936364383 
440.0   1720.0   0.969461477837 
440.0   1800.0   0.965003272904 
440.0   1880.0   0.971721217413 
440.0   1960.0   0.755297190312 
440.0   2040.0   0.986786743205 
440.0   2120.0   0.984710261927 
440.0   2200.0   0.755297190312 
520.0   200.0   0.0 
520.0   280.0   0.0 
520.0   360.0   0.0 
520.0   440.0   0.0 
520.0   520.0   0.755297190312 
520.0   600.0   0.755297190312 
520.0   680.0   0.755297190312 
520.0   760.0   0.755297190312 
520.0   840.0   0.755297190312 
520.0   920.0   0.755297190312 
520.0   1000.0   0.627282027104 
520.0   1080.0   0.463179001723 
520.0   1160.0   0.755297190312 
520.0   1240.0   0.755297190312 
520.0   1320.0   0.849015925462 
520.0   1400.0   0.755297190312 
520.0   1480.0   0.755297190312 
520.0   1560.0   0.952250607665 
520.0   1640.0   0.755297190312 
520.0   1720.0   0.755297190312 
520.0   1800.0   0.97537644363 
520.0   1880.0   0.971721217413 
520.0   1960.0   0.977054374683 
520.0   2040.0   0.981286262062 
520.0   2120.0   0.755297190312 
520.0   2200.0   0.991156428233 
600.0   200.0   0.0 
600.0   280.0   0.0 
600.0   360.0   0.0 
600.0   440.0   0.0 
600.0   520.0   0.0 
600.0   600.0   0.755297190312 
600.0   680.0   0.755297190312 
600.0   760.0   0.755297190312 
600.0   840.0   0.755297190312 
600.0   920.0   0.193852427031 
600.0   1000.0   0.755297190312 
600.0   1080.0   0.744104741692 
600.0   1160.0   0.713511076425 
600.0   1240.0   0.755297190312 
600.0   1320.0   0.849015925462 
600.0   1400.0   0.922518761739 
600.0   1480.0   0.939453752236 
600.0   1560.0   0.755297190312 
600.0   1640.0   0.961936364383 
600.0   1720.0   0.956485239307 
600.0   1800.0   0.956926817407 
600.0   1880.0   0.980069640032 
600.0   1960.0   0.755297190312 
600.0   2040.0   0.986786743205 
600.0   2120.0   0.984710261927 
600.0   2200.0   0.987485058792 
680.0   200.0   0.0 
680.0   280.0   0.0 
680.0   360.0   0.0 
680.0   440.0   0.0 
680.0   520.0   0.0 
680.0   600.0   0.0 
680.0   680.0   0.755297190312 
680.0   760.0   0.755297190312 
680.0   840.0   0.222562410588 
680.0   920.0   0.449440918418 
680.0   1000.0   0.755297190312 
680.0   1080.0   0.755297190312 
680.0   1160.0   0.755297190312 
680.0   1240.0   0.755297190312 
680.0   1320.0   0.755297190312 
680.0   1400.0   0.922518761739 
680.0   1480.0   0.939453752236 
680.0   1560.0   0.755297190312 
680.0   1640.0   0.932569798489 
680.0   1720.0   0.969461477837 
680.0   1800.0   0.755297190312 
680.0   1880.0   0.965252406069 
680.0   1960.0   0.755297190312 
680.0   2040.0   0.981286262062 
680.0   2120.0   0.989199121394 
680.0   2200.0   0.987485058792 
760.0   200.0   0.0 
760.0   280.0   0.0 
760.0   360.0   0.0 
760.0   440.0   0.0 
760.0   520.0   0.0 
760.0   600.0   0.0 
760.0   680.0   0.0 
760.0   760.0   0.755297190312 
760.0   840.0   0.755297190312 
760.0   920.0   0.755297190312 
760.0   1000.0   0.627282027104 
760.0   1080.0   0.755297190312 
760.0   1160.0   0.713511076425 
760.0   1240.0   0.674588235638 
760.0   1320.0   0.849015925462 
760.0   1400.0   0.886042294511 
760.0   1480.0   0.939453752236 
760.0   1560.0   0.952250607665 
760.0   1640.0   0.945550994529 
760.0   1720.0   0.969461477837 
760.0   1800.0   0.97537644363 
760.0   1880.0   0.980069640032 
760.0   1960.0   0.977054374683 
760.0   2040.0   0.755297190312 
760.0   2120.0   0.984710261927 
760.0   2200.0   0.982277924901 
840.0   200.0   0.0 
840.0   280.0   0.0 
840.0   360.0   0.0 
840.0   440.0   0.0 
840.0   520.0   0.0 
840.0   600.0   0.0 
840.0   680.0   0.0 
840.0   760.0   0.0 
840.0   840.0   0.755297190312 
840.0   920.0   0.755297190312 
840.0   1000.0   0.755297190312 
840.0   1080.0   0.744104741692 
840.0   1160.0   0.755297190312 
840.0   1240.0   0.866136714853 
840.0   1320.0   0.899196591625 
840.0   1400.0   0.886042294511 
840.0   1480.0   0.889670699627 
840.0   1560.0   0.952250607665 
840.0   1640.0   0.945550994529 
840.0   1720.0   0.956485239307 
840.0   1800.0   0.956926817407 
840.0   1880.0   0.755297190312 
840.0   1960.0   0.977054374683 
840.0   2040.0   0.755297190312 
840.0   2120.0   0.989199121394 
840.0   2200.0   0.984662306072 
920.0   200.0   0.0 
920.0   280.0   0.0 
920.0   360.0   0.0 
920.0   440.0   0.0 
920.0   520.0   0.0 
920.0   600.0   0.0 
920.0   680.0   0.0 
920.0   760.0   0.0 
920.0   840.0   0.0 
920.0   920.0   0.755297190312 
920.0   1000.0   0.755297190312 
920.0   1080.0   0.744104741692 
920.0   1160.0   0.817826659792 
920.0   1240.0   0.794748533431 
920.0   1320.0   0.755297190312 
920.0   1400.0   0.886042294511 
920.0   1480.0   0.912096513163 
920.0   1560.0   0.899631965273 
920.0   1640.0   0.945550994529 
920.0   1720.0   0.755297190312 
920.0   1800.0   0.97537644363 
920.0   1880.0   0.980069640032 
920.0   1960.0   0.755297190312 
920.0   2040.0   0.981286262062 
920.0   2120.0   0.989199121394 
920.0   2200.0   0.991156428233 
1000.0   200.0   0.0 
1000.0   280.0   0.0 
1000.0   360.0   0.0 
1000.0   440.0   0.0 
1000.0   520.0   0.0 
1000.0   600.0   0.0 
1000.0   680.0   0.0 
1000.0   760.0   0.0 
1000.0   840.0   0.0 
1000.0   920.0   0.0 
1000.0   1000.0   0.755297190312 
1000.0   1080.0   0.755297190312 
1000.0   1160.0   0.755297190312 
1000.0   1240.0   0.755297190312 
1000.0   1320.0   0.899196591625 
1000.0   1400.0   0.922518761739 
1000.0   1480.0   0.755297190312 
1000.0   1560.0   0.755297190312 
1000.0   1640.0   0.961936364383 
1000.0   1720.0   0.969461477837 
1000.0   1800.0   0.965003272904 
1000.0   1880.0   0.971721217413 
1000.0   1960.0   0.977054374683 
1000.0   2040.0   0.981286262062 
1000.0   2120.0   0.981255642565 
1000.0   2200.0   0.987485058792 
1080.0   200.0   0.0 
1080.0   280.0   0.0 
1080.0   360.0   0.0 
1080.0   440.0   0.0 
1080.0   520.0   0.0 
1080.0   600.0   0.0 
1080.0   680.0   0.0 
1080.0   760.0   0.0 
1080.0   840.0   0.0 
1080.0   920.0   0.0 
1080.0   1000.0   0.0 
1080.0   1080.0   0.755297190312 
1080.0   1160.0   0.755297190312 
1080.0   1240.0   0.755297190312 
1080.0   1320.0   0.755297190312 
1080.0   1400.0   0.82763204027 
1080.0   1480.0   0.755297190312 
1080.0   1560.0   0.914444974076 
1080.0   1640.0   0.755297190312 
1080.0   1720.0   0.969461477837 
1080.0   1800.0   0.755297190312 
1080.0   1880.0   0.971721217413 
1080.0   1960.0   0.98381045279 
1080.0   2040.0   0.986786743205 
1080.0   2120.0   0.981255642565 
1080.0   2200.0   0.991156428233 
1160.0   200.0   0.0 
1160.0   280.0   0.0 
1160.0   360.0   0.0 
1160.0   440.0   0.0 
1160.0   520.0   0.0 
1160.0   600.0   0.0 
1160.0   680.0   0.0 
1160.0   760.0   0.0 
1160.0   840.0   0.0 
1160.0   920.0   0.0 
1160.0   1000.0   0.0 
1160.0   1080.0   0.0 
1160.0   1160.0   0.755297190312 
1160.0   1240.0   0.732133313336 
1160.0   1320.0   0.755297190312 
1160.0   1400.0   0.755297190312 
1160.0   1480.0   0.755297190312 
1160.0   1560.0   0.755297190312 
1160.0   1640.0   0.961936364383 
1160.0   1720.0   0.946310139894 
1160.0   1800.0   0.97537644363 
1160.0   1880.0   0.965252406069 
1160.0   1960.0   0.98381045279 
1160.0   2040.0   0.986786743205 
1160.0   2120.0   0.981255642565 
1160.0   2200.0   0.991156428233 
1240.0   200.0   0.0 
1240.0   280.0   0.0 
1240.0   360.0   0.0 
1240.0   440.0   0.0 
1240.0   520.0   0.0 
1240.0   600.0   0.0 
1240.0   680.0   0.0 
1240.0   760.0   0.0 
1240.0   840.0   0.0 
1240.0   920.0   0.0 
1240.0   1000.0   0.0 
1240.0   1080.0   0.0 
1240.0   1160.0   0.0 
1240.0   1240.0   0.755297190312 
1240.0   1320.0   0.755297190312 
1240.0   1400.0   0.922518761739 
1240.0   1480.0   0.755297190312 
1240.0   1560.0   0.952250607665 
1240.0   1640.0   0.755297190312 
1240.0   1720.0   0.946310139894 
1240.0   1800.0   0.956926817407 
1240.0   1880.0   0.755297190312 
1240.0   1960.0   0.98381045279 
1240.0   2040.0   0.981286262062 
1240.0   2120.0   0.989199121394 
1240.0   2200.0   0.991156428233 
1320.0   200.0   0.0 
1320.0   280.0   0.0 
1320.0   360.0   0.0 
1320.0   440.0   0.0 
1320.0   520.0   0.0 
1320.0   600.0   0.0 
1320.0   680.0   0.0 
1320.0   760.0   0.0 
1320.0   840.0   0.0 
1320.0   920.0   0.0 
1320.0   1000.0   0.0 
1320.0   1080.0   0.0 
1320.0   1160.0   0.0 
1320.0   1240.0   0.0 
1320.0   1320.0   0.755297190312 
1320.0   1400.0   0.922518761739 
1320.0   1480.0   0.755297190312 
1320.0   1560.0   0.952250607665 
1320.0   1640.0   0.961936364383 
1320.0   1720.0   0.956485239307 
1320.0   1800.0   0.95002151853 
1320.0   1880.0   0.971721217413 
1320.0   1960.0   0.98381045279 
1320.0   2040.0   0.755297190312 
1320.0   2120.0   0.984710261927 
1320.0   2200.0   0.984662306072 
1400.0   200.0   0.0 
1400.0   280.0   0.0 
1400.0   360.0   0.0 
1400.0   440.0   0.0 
1400.0   520.0   0.0 
1400.0   600.0   0.0 
1400.0   680.0   0.0 
1400.0   760.0   0.0 
1400.0   840.0   0.0 
1400.0   920.0   0.0 
1400.0   1000.0   0.0 
1400.0   1080.0   0.0 
1400.0   1160.0   0.0 
1400.0   1240.0   0.0 
1400.0   1320.0   0.0 
1400.0   1400.0   0.755297190312 
1400.0   1480.0   0.939453752236 
1400.0   1560.0   0.755297190312 
1400.0   1640.0   0.755297190312 
1400.0   1720.0   0.946310139894 
1400.0   1800.0   0.755297190312 
1400.0   1880.0   0.971721217413 
1400.0   1960.0   0.98381045279 
1400.0   2040.0   0.977047001031 
1400.0   2120.0   0.981255642565 
1400.0   2200.0   0.991156428233 
1480.0   200.0   0.0 
1480.0   280.0   0.0 
1480.0   360.0   0.0 
1480.0   440.0   0.0 
1480.0   520.0   0.0 
1480.0   600.0   0.0 
1480.0   680.0   0.0 
1480.0   760.0   0.0 
1480.0   840.0   0.0 
1480.0   920.0   0.0 
1480.0   1000.0   0.0 
1480.0   1080.0   0.0 
1480.0   1160.0   0.0 
1480.0   1240.0   0.0 
1480.0   1320.0   0.0 
1480.0   1400.0   0.0 
1480.0   1480.0   0.755297190312 
1480.0   1560.0   0.755297190312 
1480.0   1640.0   0.755297190312 
1480.0   1720.0   0.755297190312 
1480.0   1800.0   0.97537644363 
1480.0   1880.0   0.971721217413 
1480.0   1960.0   0.755297190312 
1480.0   2040.0   0.986786743205 
1480.0   2120.0   0.981255642565 
1480.0   2200.0   0.755297190312 
1560.0   200.0   0.0 
1560.0   280.0   0.0 
1560.0   360.0   0.0 
1560.0   440.0   0.0 
1560.0   520.0   0.0 
1560.0   600.0   0.0 
1560.0   680.0   0.0 
1560.0   760.0   0.0 
1560.0   840.0   0.0 
1560.0   920.0   0.0 
1560.0   1000.0   0.0 
1560.0   1080.0   0.0 
1560.0   1160.0   0.0 
1560.0   1240.0   0.0 
1560.0   1320.0   0.0 
1560.0   1400.0   0.0 
1560.0   1480.0   0.0 
1560.0   1560.0   0.755297190312 
1560.0   1640.0   0.755297190312 
1560.0   1720.0   0.969461477837 
1560.0   1800.0   0.755297190312 
1560.0   1880.0   0.971721217413 
1560.0   1960.0   0.755297190312 
1560.0   2040.0   0.986786743205 
1560.0   2120.0   0.755297190312 
1560.0   2200.0   0.755297190312 
1640.0   200.0   0.0 
1640.0   280.0   0.0 
1640.0   360.0   0.0 
1640.0   440.0   0.0 
1640.0   520.0   0.0 
1640.0   600.0   0.0 
1640.0   680.0   0.0 
1640.0   760.0   0.0 
1640.0   840.0   0.0 
1640.0   920.0   0.0 
1640.0   1000.0   0.0 
1640.0   1080.0   0.0 
1640.0   1160.0   0.0 
1640.0   1240.0   0.0 
1640.0   1320.0   0.0 
1640.0   1400.0   0.0 
1640.0   1480.0   0.0 
1640.0   1560.0   0.0 
1640.0   1640.0   0.755297190312 
1640.0   1720.0   0.755297190312 
1640.0   1800.0   0.97537644363 
1640.0   1880.0   0.980069640032 
1640.0   1960.0   0.98381045279 
1640.0   2040.0   0.755297190312 
1640.0   2120.0   0.984710261927 
1640.0   2200.0   0.987485058792 
1720.0   200.0   0.0 
1720.0   280.0   0.0 
1720.0   360.0   0.0 
1720.0   440.0   0.0 
1720.0   520.0   0.0 
1720.0   600.0   0.0 
1720.0   680.0   0.0 
1720.0   760.0   0.0 
1720.0   840.0   0.0 
1720.0   920.0   0.0 
1720.0   1000.0   0.0 
1720.0   1080.0   0.0 
1720.0   1160.0   0.0 
1720.0   1240.0   0.0 
1720.0   1320.0   0.0 
1720.0   1400.0   0.0 
1720.0   1480.0   0.0 
1720.0   1560.0   0.0 
1720.0   1640.0   0.0 
1720.0   1720.0   0.755297190312 
1720.0   1800.0   0.755297190312 
1720.0   1880.0   0.971721217413 
1720.0   1960.0   0.755297190312 
1720.0   2040.0   0.986786743205 
1720.0   2120.0   0.989199121394 
1720.0   2200.0   0.991156428233 
1800.0   200.0   0.0 
1800.0   280.0   0.0 
1800.0   360.0   0.0 
1800.0   440.0   0.0 
1800.0   520.0   0.0 
1800.0   600.0   0.0 
1800.0   680.0   0.0 
1800.0   760.0   0.0 
1800.0   840.0   0.0 
1800.0   920.0   0.0 
1800.0   1000.0   0.0 
1800.0   1080.0   0.0 
1800.0   1160.0   0.0 
1800.0   1240.0   0.0 
1800.0   1320.0   0.0 
1800.0   1400.0   0.0 
1800.0   1480.0   0.0 
1800.0   1560.0   0.0 
1800.0   1640.0   0.0 
1800.0   1720.0   0.0 
1800.0   1800.0   0.755297190312 
1800.0   1880.0   0.755297190312 
1800.0   1960.0   0.98381045279 
1800.0   2040.0   0.977047001031 
1800.0   2120.0   0.755297190312 
1800.0   2200.0   0.987485058792 
1880.0   200.0   0.0 
1880.0   280.0   0.0 
1880.0   360.0   0.0 
1880.0   440.0   0.0 
1880.0   520.0   0.0 
1880.0   600.0   0.0 
1880.0   680.0   0.0 
1880.0   760.0   0.0 
1880.0   840.0   0.0 
1880.0   920.0   0.0 
1880.0   1000.0   0.0 
1880.0   1080.0   0.0 
1880.0   1160.0   0.0 
1880.0   1240.0   0.0 
1880.0   1320.0   0.0 
1880.0   1400.0   0.0 
1880.0   1480.0   0.0 
1880.0   1560.0   0.0 
1880.0   1640.0   0.0 
1880.0   1720.0   0.0 
1880.0   1800.0   0.0 
1880.0   1880.0   0.755297190312 
1880.0   1960.0   0.98381045279 
1880.0   2040.0   0.755297190312 
1880.0   2120.0   0.755297190312 
1880.0   2200.0   0.755297190312 
1960.0   200.0   0.0 
1960.0   280.0   0.0 
1960.0   360.0   0.0 
1960.0   440.0   0.0 
1960.0   520.0   0.0 
1960.0   600.0   0.0 
1960.0   680.0   0.0 
1960.0   760.0   0.0 
1960.0   840.0   0.0 
1960.0   920.0   0.0 
1960.0   1000.0   0.0 
1960.0   1080.0   0.0 
1960.0   1160.0   0.0 
1960.0   1240.0   0.0 
1960.0   1320.0   0.0 
1960.0   1400.0   0.0 
1960.0   1480.0   0.0 
1960.0   1560.0   0.0 
1960.0   1640.0   0.0 
1960.0   1720.0   0.0 
1960.0   1800.0   0.0 
1960.0   1880.0   0.0 
1960.0   1960.0   0.755297190312 
1960.0   2040.0   0.986786743205 
1960.0   2120.0   0.989199121394 
1960.0   2200.0   0.755297190312 
2040.0   200.0   0.0 
2040.0   280.0   0.0 
2040.0   360.0   0.0 
2040.0   440.0   0.0 
2040.0   520.0   0.0 
2040.0   600.0   0.0 
2040.0   680.0   0.0 
2040.0   760.0   0.0 
2040.0   840.0   0.0 
2040.0   920.0   0.0 
2040.0   1000.0   0.0 
2040.0   1080.0   0.0 
2040.0   1160.0   0.0 
2040.0   1240.0   0.0 
2040.0   1320.0   0.0 
2040.0   1400.0   0.0 
2040.0   1480.0   0.0 
2040.0   1560.0   0.0 
2040.0   1640.0   0.0 
2040.0   1720.0   0.0 
2040.0   1800.0   0.0 
2040.0   1880.0   0.0 
2040.0   1960.0   0.0 
2040.0   2040.0   0.755297190312 
2040.0   2120.0   0.755297190312 
2040.0   2200.0   0.991156428233 
2120.0   200.0   0.0 
2120.0   280.0   0.0 
2120.0   360.0   0.0 
2120.0   440.0   0.0 
2120.0   520.0   0.0 
2120.0   600.0   0.0 
2120.0   680.0   0.0 
2120.0   760.0   0.0 
2120.0   840.0   0.0 
2120.0   920.0   0.0 
2120.0   1000.0   0.0 
2120.0   1080.0   0.0 
2120.0   1160.0   0.0 
2120.0   1240.0   0.0 
2120.0   1320.0   0.0 
2120.0   1400.0   0.0 
2120.0   1480.0   0.0 
2120.0   1560.0   0.0 
2120.0   1640.0   0.0 
2120.0   1720.0   0.0 
2120.0   1800.0   0.0 
2120.0   1880.0   0.0 
2120.0   1960.0   0.0 
2120.0   2040.0   0.0 
2120.0   2120.0   0.755297190312 
2120.0   2200.0   0.991156428233 
2200.0   200.0   0.0 
2200.0   280.0   0.0 
2200.0   360.0   0.0 
2200.0   440.0   0.0 
2200.0   520.0   0.0 
2200.0   600.0   0.0 
2200.0   680.0   0.0 
2200.0   760.0   0.0 
2200.0   840.0   0.0 
2200.0   920.0   0.0 
2200.0   1000.0   0.0 
2200.0   1080.0   0.0 
2200.0   1160.0   0.0 
2200.0   1240.0   0.0 
2200.0   1320.0   0.0 
2200.0   1400.0   0.0 
2200.0   1480.0   0.0 
2200.0   1560.0   0.0 
2200.0   1640.0   0.0 
2200.0   1720.0   0.0 
2200.0   1800.0   0.0 
2200.0   1880.0   0.0 
2200.0   1960.0   0.0 
2200.0   2040.0   0.0 
2200.0   2120.0   0.0 
2200.0   2200.0   0.755297190312 
